24 87
14 60
73 78
86 60
35 38
3 68
57 77
96 29
18 34
31 23
26 29
96 39
75 56
0 60
98 32
66 18
29 8
48 22
83 60
17 74
35 77
96 95
42 79
73 27
43 91
66 96
47 40
35 31
21 1
14 20
38 95
16 24
91 36
91 19
16 84
97 23
11 92
70 47
11 30
0 82
39 46
61 93
72 61
38 89
68 76
25 4
74 4
29 47
15 38
10 59
89 85
47 37
77 62
84 72
62 80
34 59
35 68
64 57
97 0
54 79
71 48
24 93
67 38
62 89
29 98
49 68
96 2
76 92
87 45
80 21
80 3
9 47
0 9
69 89
94 69
95 44
52 61
91 33
87 98
19 64
50 82
5 49
39 27
62 79
91 70
36 40
29 71
98 66
49 41
78 29
25 21
57 53
73 0
57 61
56 44
10 64
92 91
45 44
57 68
98 67
79 7
76 59
63 1
50 75
44 82
45 41
75 54
86 8
13 94
27 65
30 28
50 6
38 34
64 40
66 98
44 32
73 60
78 75
93 15
92 59
37 48
52 50
47 11
95 6
85 86
12 43
13 96
9 39
32 1
81 22
53 93
2 18
71 58
73 4
16 74
30 55
36 11
60 61
X
62 39
14 68
63 67
96 19
3 21
10 35
73 96
82 26
15 15
26 44
83 17
40 19
1 45
0 51
69 8
77 84
74 1
55 43
33 21
95 56
44 75
4 80
20 64
25 59
95 49
23 11
72 9
50 23
35 50
58 47
13 24
55 84
76 25
56 65
18 43
86 9
30 91
70 60
24 22
4 52
31 3
36 94
58 60
13 36
96 56
89 16
42 65
14 62
86 33
3 49
46 38
94 0
44 68
88 88
89 51
27 22
87 4
79 62
31 56
85 53
9 72
4 2
28 28
62 94
8 87
11 89
93 74
64 27
59 60
91 23
54 44
59 17
78 72
92 53
36 71
32 81
55 67
28 32
16 2
8 52
32 50
17 59
10 12
91 77
67 80
23 93
8 66
70 94
20 52
19 79
86 4
45 46
39 84
46 60
76 22
55 94
10 47
81 77
86 76
55 34
92 68
16 96
24 43
8 95
38 97
5 91
43 68
30 66
80 91
X
79 31
50 40
48 27
37 6
15 89
14 90
23 91
26 37
71 55
1 30
87 53
88 50
54 15
39 37
32 63
80 32
29 57
50 41
32 85
69 38
55 57
67 47
81 11
69 46
95 79
30 93
56 12
50 65
58 62
45 12
12 49
56 48
5 86
6 63
19 43
47 50
11 66
6 22
86 12
X
61 84
60 91
60 78
23 61
37 58
62 26
83 92
63 78
4 20
90 72
86 10
73 55
55 72
11 82
3 50
57 32
4 11
77 49
52 29
39 32
32 35
61 90
17 56
92 95
74 58
97 27
85 8
97 17
43 16
54 60
47 17
91 54
73 34
22 58
55 4
21 39
3 53
66 20
3 94
75 77
24 37
75 74
73 54
83 12
25 83
72 4
56 38
72 60
10 16
X
23 56
9 34
59 56
42 38
97 37
73 79
83 20
62 83
84 34
67 96
3 38
74 48
29 35
40 35
96 69
53 23
81 44
19 89
72 95
4 67
87 22
24 18
60 54
91 68
83 10
78 86
61 28
15 19
84 18
74 61
24 73
50 86
81 69
16 29
94 45
59 37
45 39
49 70
47 10
34 27
95 45
8 76
24 47
83 1
63 58
56 34
85 22
67 8
90 61
16 9
40 79
18 33
27 7
41 47
4 13
88 67
19 58
56 32
49 33
58 64
54 39
49 55
21 3
79 93
68 83
23 82
71 82
80 68
40 95
25 57
67 60
8 42
28 34
34 20
65 54
76 80
96 85
1 29
93 41
31 89
47 49
20 59
84 81
44 70
60 24
52 30
17 69
91 50
72 43
24 35
60 89
85 67
97 64
79 39
25 62
39 93
30 46
39 87
28 48
7 39
73 5
5 29
11 24
70 21
34 14
38 81
35 51
15 50
91 30
26 39
29 72
X
82 51
45 34
18 80
9 58
11 15
62 70
51 49
87 8
69 52
9 97
2 66
76 55
63 85
8 25
69 98
74 25
39 39
5 35
5 40
78 96
18 11
35 78
13 85
35 81
35 83
66 48
6 89
61 66
80 98
14 17
1 12
75 44
6 52
51 38
80 57
20 44
36 22
27 62
73 89
97 36
29 25
75 80
72 59
37 60
80 23
59 39
44 13
76 13
82 55
6 55
12 37
95 41
81 23
62 15
45 61
66 22
78 47
38 71
48 92
52 81
50 39
81 28
81 9
56 43
47 42
9 22
10 70
39 80
22 85
45 88
48 6
22 32
X
79 70
27 61
10 43
76 67
58 22
41 83
41 85
33 13
25 86
13 27
56 83
73 87
20 82
11 74
81 20
24 76
15 68
54 12
9 26
75 32
18 12
79 68
91 72
52 8
41 8
83 47
87 17
7 36
27 30
86 82
75 29
68 88
94 39
82 24
89 45
45 1
2 83
40 50
69 58
29 73
79 3
88 43
78 85
29 30
38 7
2 29
59 72
36 23
8 85
87 13
82 70
42 93
9 48
90 25
97 58
84 33
67 82
80 0
82 54
6 38
75 8
20 11
32 75
73 30
77 44
62 71
24 71
92 33
24 56
73 53
49 27
11 68
57 12
65 46
40 45
21 68
73 63
16 10
26 43
37 96
44 5
79 9
22 19
86 38
89 83
48 8
7 76
47 66
8 45
54 46
7 13
21 66
77 46
33 91
73 77
41 94
6 75
87 6
33 89
23 97
38 67
84 21
24 15
38 56
11 93
6 1
75 40
59 65
12 89
12 70
57 76
74 34
58 92
74 60
31 41
31 75
13 21
7 53
89 50
26 91
9 64
98 0
64 47
68 32
27 89
44 16
79 89
6 65
1 10
52 44
65 84
97 68
87 50
70 24
41 88
96 64
32 90
76 18
14 77
81 49
49 45
83 79
45 63
7 63
8 28
30 10
53 22
90 14
5 65
33 59
33 42
28 75
75 48
84 7
22 15
48 46
45 10
57 28
7 68
54 0
95 25
98 44
12 90
48 48
46 30
48 93
35 24
3 29
32 21
39 89
22 4
63 48
94 33
92 88
47 78
91 62
11 11
22 94
91 96
40 52
43 70
21 87
48 74
93 23
X
26 84
46 93
21 65
65 59
90 93
71 57
92 6
79 86
12 85
96 72
92 81
46 71
10 61
42 68
92 86
69 59
33 75
37 98
86 36
31 1
63 37
6 11
74 29
22 74
96 92
75 52
1 92
37 41
96 23
2 70
54 49
35 48
88 11
79 78
68 77
77 50
47 13
85 63
86 88
56 58
35 22
6 4
15 70
48 59
15 16
72 51
90 42
23 71
45 55
54 89
58 75
7 71
23 84
36 39
15 2
82 10
8 11
56 24
90 64
60 82
7 9
4 22
98 33
6 58
72 75
66 87
53 41
21 77
11 87
96 9
57 87
52 5
79 95
24 54
57 84
67 87
3 5
57 93
3 67
7 65
71 31
29 3
13 95
65 29
96 22
39 75
83 49
38 45
23 4
57 98
82 19
74 20
97 70
32 93
33 51
3 84
91 57
4 24
49 86
28 60
21 30
71 90
59 90
2 55
53 16
26 90
74 76
18 81
2 57
96 15
89 70
49 59
21 97
68 21
53 19
20 56
10 45
76 38
33 78
51 52
8 77
23 33
24 3
34 85
59 68
70 71
26 66
63 81
44 42
21 76
9 98
40 15
90 44
7 33
58 40
30 82
78 17
54 96
23 20
29 40
12 67
97 26
48 66
46 75
30 85
16 95
51 33
73 8
96 53
38 28
94 28
25 67
29 96
82 98
4 65
42 21
X
83 63
21 71
23 16
14 56
81 46
40 0
65 33
93 92
24 80
55 78
57 2
73 50
85 65
85 73
88 7
55 7
75 35
25 72
86 65
85 60
53 77
36 87
56 49
49 80
55 61
47 24
13 49
79 13
60 66
17 52
43 90
88 4
11 36
4 85
91 86
76 35
71 27
38 47
30 48
48 21
2 80
98 49
X
24 45
31 6
20 71
93 70
20 60
89 32
55 98
23 79
18 26
97 54
21 59
80 24
62 75
67 5
58 38
20 1
52 53
62 29
79 67
8 97
44 14
28 25
13 58
42 62
74 95
35 17
16 40
72 87
7 15
23 44
69 57
97 96
46 36
66 74
94 72
36 27
5 50
96 44
41 91
57 91
17 11
28 68
20 46
71 74
20 77
38 86
35 86
69 97
96 76
7 30
38 96
20 9
20 98
7 1
77 1
46 82
25 46
73 21
89 15
86 79
20 28
66 17
42 56
95 61
58 16
63 56
95 85
46 78
57 69
89 74
73 36
23 23
43 54
10 3
95 57
71 50
3 57
41 17
55 6
91 59
20 93
55 56
66 88
61 27
31 82
82 38
42 81
24 72
60 55
82 79
10 40
67 7
39 31
80 75
91 73
63 26
29 83
5 67
68 28
10 58
45 96
80 9
8 74
3 9
5 83
24 69
10 25
27 79
95 71
29 33
82 75
49 61
21 16
7 28
36 16
78 28
91 74
5 98
96 46
21 74
5 68
21 33
39 33
7 46
88 93
63 53
57 41
90 68
42 82
36 79
33 62
88 23
56 45
75 61
27 45
13 12
79 37
83 84
28 59
59 67
13 55
21 82
24 70
3 19
76 89
23 83
77 33
87 78
57 13
2 91
93 28
37 52
18 13
67 4
12 9
26 27
75 49
21 85
46 88
98 85
23 94
94 58
72 28
0 70
85 7
3 25
9 18
2 32
6 70
22 43
41 54
63 91
16 34
67 98
31 19
90 75
77 22
14 9
29 55
79 34
1 87
80 94
47 51
5 47
36 57
56 25
95 82
8 26
36 76
15 55
50 33
67 54
20 78
43 66
89 97
8 68
94 64
86 55
57 83
53 66
32 91
26 53
32 26
58 2
73 39
26 34
X
55 91
61 9
45 35
86 77
14 83
58 9
44 10
82 88
95 63
69 50
24 49
59 75
65 80
3 28
78 52
30 68
52 2
94 38
93 7
61 16
9 66
30 9
26 59
30 83
58 67
86 74
8 39
78 92
70 54
79 22
19 6
50 47
72 24
24 41
31 18
23 1
35 56
87 82
20 67
69 28
18 93
41 15
29 84
33 80
4 59
47 97
68 52
4 21
86 7
23 95
49 49
70 82
49 82
72 58
26 3
97 25
42 18
64 84
74 5
65 32
23 25
61 0
57 56
56 28
53 87
42 19
85 64
80 66
10 83
2 10
96 54
94 10
7 82
9 83
36 36
43 13
8 51
64 63
33 45
1 61
32 19
35 36
6 35
69 71
27 11
55 70
90 56
83 6
11 26
1 73
70 14
72 45
89 25
41 56
77 31
59 61
20 33
10 26
15 66
48 73
1 14
35 75
71 49
64 38
48 68
71 93
38 61
19 56
47 95
77 78
25 18
36 25
27 2
17 27
83 89
37 37
66 56
77 86
20 2
16 12
5 34
79 94
36 38
83 14
48 96
38 82
63 54
45 22
26 20
48 38
21 61
90 41
39 92
70 62
71 25
74 91
3 45
72 3
12 11
27 42
33 52
17 4
83 8
59 83
92 74
48 44
67 16
0 94
96 20
96 65
87 91
88 13
18 88
12 47
28 19
6 3
36 17
10 18
24 44
9 96
0 22
75 23
56 5
14 53
60 39
78 67
54 31
89 0
97 33
21 98
27 75
59 6
2 72
39 22
57 85
3 1
7 3
29 56
3 96
65 71
75 1
21 10
43 48
72 27
74 23
75 34
72 13
79 20
89 57
55 60
83 88
51 71
52 24
88 68
84 32
81 1
54 51
62 67
92 51
95 24
52 92
15 74
54 87
38 36
90 96
82 93
34 40
15 11
71 96
83 97
44 46
2 76
15 79
96 74
69 94
6 53
25 26
29 51
X
6 46
1 95
61 17
65 19
9 56
94 6
54 85
9 36
54 20
60 69
5 64
57 5
31 46
23 26
88 80
4 63
65 7
47 45
86 14
98 79
38 85
22 2
48 34
6 59
96 41
55 2
46 43
51 63
6 87
71 89
35 18
17 50
93 31
77 15
55 15
54 54
9 42
41 59
35 32
80 14
55 33
71 75
83 25
78 84
54 94
46 42
41 81
26 61
57 52
27 9
43 5
86 40
36 67
77 3
48 18
50 54
89 24
53 85
49 40
67 10
30 80
27 29
1 85
4 48
65 63
75 62
62 57
41 0
8 17
77 77
12 79
65 92
2 38
13 46
78 93
69 44
74 41
65 70
63 47
26 31
33 15
53 12
51 42
44 93
63 86
14 74
90 30
45 52
39 50
3 40
6 72
3 24
4 58
81 71
39 47
66 39
32 32
54 17
5 56
49 46
76 1
65 87
15 61
94 15
17 88
15 60
87 12
16 22
94 81
8 48
48 54
5 15
72 26
97 65
26 5
3 54
15 80
50 80
83 98
60 28
25 58
49 71
67 95
0 72
86 62
44 38
89 77
77 53
82 78
32 67
55 13
62 74
2 77
24 58
77 14
26 82
38 6
37 68
83 68
95 37
57 88
3 7
87 57
12 98
33 94
11 85
4 64
35 9
68 91
82 33
54 50
32 70
34 49
22 48
33 35
94 12
65 43
20 34
77 92
48 33
59 63
57 21
65 9
76 90
29 76
50 50
95 33
51 30
9 54
88 90
96 96
43 19
29 91
59 2
52 54
47 53
55 62
32 92
95 83
25 3
7 75
8 23
48 79
64 98
58 76
78 69
85 74
48 87
24 61
57 64
15 40
21 24
8 70
47 72
20 51
47 71
70 52
74 33
65 42
43 96
0 12
22 20
12 86
79 8
43 20
83 29
4 78
66 75
19 51
60 64
54 24
88 71
89 6
59 85
73 74
83 35
62 92
32 60
38 14
37 1
81 33
3 51
97 47
2 48
3 85
18 41
31 16
1 69
79 40
70 43
18 58
X
2 24
X
31 29
87 56
47 58
28 41
30 69
42 60
9 57
66 50
98 26
64 58
88 33
50 8
84 74
44 79
98 1
5 66
42 74
76 41
9 82
23 76
87 23
27 44
52 64
75 25
76 85
96 82
69 91
65 51
69 51
16 86
55 36
25 39
9 12
92 2
58 42
7 18
92 66
32 33
16 41
57 62
17 15
66 41
22 52
59 46
81 72
95 27
72 42
15 82
77 61
20 40
10 66
41 2
11 29
27 40
2 50
5 32
36 60
70 30
49 50
88 16
82 97
61 1
X
2 82
54 80
94 86
92 13
47 46
56 85
74 38
15 76
71 73
27 32
24 85
51 76
91 45
30 60
35 72
14 36
97 9
24 52
81 29
95 68
80 2
6 47
66 27
93 59
86 78
72 53
28 20
78 89
25 29
45 25
84 94
12 34
10 86
X
97 50
83 57
24 33
26 32
19 20
56 72
63 40
33 23
6 60
21 64
89 54
44 40
5 39
33 19
10 41
26 75
87 64
48 32
52 96
35 84
45 80
3 59
53 91
11 49
97 86
22 45
34 35
2 53
35 23
83 85
25 55
58 33
94 62
47 56
51 23
68 26
84 61
7 90
5 88
52 33
69 47
49 67
30 41
34 17
69 2
65 57
25 40
15 21
89 38
69 82
27 1
39 86
14 91
91 76
10 28
97 42
72 65
22 7
5 22
43 75
39 72
19 40
37 45
65 66
22 17
48 41
62 40
14 58
82 16
86 52
90 84
96 81
8 80
80 79
97 46
67 73
55 58
5 38
7 11
49 77
43 22
12 14
59 62
28 73
32 40
27 73
29 67
59 55
46 89
24 67
23 80
64 55
11 46
98 2
79 41
35 26
97 24
93 36
5 11
66 8
97 3
67 88
12 16
89 18
28 43
16 73
26 62
68 10
49 75
31 69
55 51
23 38
59 29
81 3
22 71
19 25
76 0
89 49
41 62
75 98
29 49
40 56
90 43
84 52
24 77
43 34
82 13
51 6
84 9
52 49
57 92
77 20
47 41
28 44
92 5
12 58
77 34
48 89
32 25
33 43
58 61
62 24
85 40
17 66
54 11
50 24
92 12
10 14
92 7
21 73
47 44
1 65
58 86
70 65
13 39
84 88
10 65
3 81
89 94
24 24
92 96
69 64
79 1
34 58
92 21
0 97
67 43
34 39
8 94
7 78
1 60
73 52
90 1
74 35
45 28
2 94
70 93
11 84
63 66
32 94
42 61
4 15
70 23
55 0
70 89
93 39
29 0
42 77
37 42
72 88
98 15
96 78
1 46
28 26
46 28
48 30
98 17
92 57
49 62
55 28
49 38
6 83
50 22
12 76
71 10
44 76
71 61
29 90
50 43
95 30
72 49
40 40
84 22
87 84
35 13
70 64
82 87
78 60
49 88
3 93
25 45
83 5
28 84
24 55
47 9
92 30
39 91
39 66
52 76
86 87
63 19
21 20
83 80
11 17
67 92
51 20
49 47
24 83
9 87
45 8
22 76
8 10
3 58
21 11
73 22
49 30
86 64
52 62
81 79
38 80
60 70
84 57
52 45
66 7
23 34
53 52
0 67
91 37
45 79
62 72
18 97
2 90
9 50
89 76
57 67
77 58
19 72
72 2
42 88
24 19
36 81
64 44
87 63
13 41
11 53
61 80
49 34
54 74
64 71
18 16
39 43
17 68
62 81
36 95
62 50
1 15
16 56
54 52
9 23
16 3
37 95
91 58
39 67
44 81
11 60
90 83
17 19
76 34
22 6
77 85
97 56
78 37
15 95
7 83
87 67
65 18
34 72
35 74
X
73 29
66 51
4 10
68 43
67 91
94 43
98 64
59 24
88 94
66 26
66 30
11 64
46 81
27 81
88 82
33 7
60 75
74 36
50 5
79 54
20 10
41 41
20 74
79 4
81 12
51 64
37 55
95 46
1 98
80 4
34 78
12 61
53 53
31 21
46 76
30 74
24 20
80 95
58 46
23 68
12 42
50 3
47 92
61 37
65 89
70 57
38 20
4 86
1 55
13 9
21 69
81 18
76 12
40 96
62 31
0 93
26 64
30 54
2 11
18 2
7 50
58 95
50 85
53 29
7 20
4 90
65 96
2 33
50 18
35 33
13 82
27 13
82 92
30 1
45 17
39 85
40 16
84 39
25 68
47 23
30 35
41 84
11 1
91 18
21 52
9 11
64 5
95 9
69 4
79 11
7 84
15 41
28 52
7 23
71 37
16 5
48 16
13 47
13 63
75 9
12 40
84 8
65 12
58 52
86 15
74 72
76 29
52 47
78 1
19 77
23 78
87 90
31 31
51 19
43 57
77 71
98 29
72 64
24 25
21 46
90 58
50 90
6 8
32 97
54 28
46 13
31 60
16 69
87 95
14 85
12 13
72 54
32 78
70 36
87 0
64 41
81 73
84 36
79 47
46 16
82 89
48 75
45 54
63 29
21 35
92 54
95 76
71 51
74 93
60 81
8 71
24 21
28 7
79 71
90 69
16 1
65 64
63 64
38 77
61 49
27 87
71 9
28 16
64 81
69 31
34 34
39 48
93 68
87 9
93 21
66 47
57 78
91 0
93 40
8 34
76 50
84 2
38 79
20 17
52 58
34 25
50 89
76 94
70 27
35 89
55 86
30 31
19 66
8 8
39 25
60 17
69 63
14 75
43 67
72 31
57 63
74 59
67 2
10 39
85 85
33 31
40 89
47 36
43 23
54 2
71 42
54 71
71 65
41 23
11 63
98 7
10 9
91 39
55 22
82 67
X
31 36
53 50
4 9
1 94
64 60
87 88
14 70
0 55
35 8
80 90
59 10
89 82
23 5
54 75
52 78
53 5
32 88
46 41
49 28
63 80
59 70
90 97
41 6
67 53
9 55
80 8
12 53
19 83
59 41
69 36
27 49
52 17
80 77
48 78
67 21
43 63
23 31
86 86
64 62
7 12
78 36
13 29
58 17
25 24
69 20
43 47
10 11
47 79
72 20
15 7
75 87
98 88
63 92
49 85
19 11
55 92
88 32
41 13
60 84
56 61
24 38
85 37
38 22
10 87
68 48
79 16
89 39
29 23
25 17
88 6
77 80
93 89
36 63
24 34
56 78
43 38
76 4
21 41
16 0
45 83
45 51
4 38
56 39
3 23
73 72
7 61
29 28
3 33
12 18
48 17
25 93
91 35
11 67
2 35
61 83
22 1
22 31
93 56
70 42
96 63
90 34
8 84
22 98
40 38
3 15
15 48
25 12
88 36
79 63
8 22
85 77
49 76
64 10
54 45
53 40
13 19
41 86
78 34
49 54
88 15
58 53
77 43
26 67
75 31
42 47
29 74
13 93
98 94
86 6
82 58
79 90
79 49
18 10
1 67
4 40
2 45
95 95
9 8
2 23
4 70
81 98
67 79
3 82
82 32
41 21
54 70
25 38
63 84
86 23
72 35
15 47
47 69
43 15
43 35
23 92
58 69
21 23
32 82
4 5
92 63
39 55
2 61
40 18
67 78
54 56
78 66
19 76
33 93
34 82
63 77
16 21
30 67
37 28
52 80
26 33
37 80
7 5
54 19
7 54
89 33
52 75
37 86
92 43
35 14
39 1
80 48
20 75
23 53
33 79
28 85
66 2
83 39
17 65
28 69
35 29
58 37
28 23
25 32
75 13
36 29
14 63
36 70
68 41
36 21
24 39
26 25
76 73
13 50
84 70
97 94
10 44
81 30
69 24
94 11
10 15
44 62
24 74
70 92
35 82
62 28
18 42
97 80
74 89
75 24
57 37
2 27
48 52
61 38
71 8
73 81
82 15
51 90
50 46
73 45
44 11
88 46
54 59
38 75
48 42
69 92
50 81
9 49
55 75
55 54
49 20
1 57
70 61
69 29
62 48
74 97
49 24
39 70
6 49
92 39
87 24
88 86
38 30
93 67
20 57
74 54
10 1
60 72
14 35
70 41
51 78
15 37
63 28
62 27
5 43
22 5
42 92
90 67
22 54
14 8
45 30
51 68
49 36
20 38
66 95
9 44
29 79
81 13
20 66
53 54
46 61
54 78
97 41
33 74
45 75
65 86
53 51
15 52
97 51
36 24
25 85
25 50
78 55
70 50
64 1
85 56
35 79
37 14
15 57
85 5
92 23
42 6
91 67
59 28
6 51
39 77
56 23
63 45
30 97
24 91
50 63
35 41
24 97
36 32
19 33
16 27
75 81
15 26
22 34
47 64
58 15
15 18
50 28
96 1
75 92
16 14
85 75
8 7
77 75
42 49
25 5
23 36
43 55
91 5
98 87
18 54
46 9
78 50
69 61
23 74
32 38
15 72
29 19
65 10
15 28
91 97
14 14
19 96
74 32
40 36
6 2
53 21
18 91
46 77
53 58
30 34
94 13
39 79
97 90
94 29
70 26
10 46
83 23
2 58
58 94
16 88
70 59
72 85
X
6 66
95 1
71 63
12 65
47 31
41 40
79 44
65 37
79 24
14 86
66 21
69 7
38 25
87 19
32 20
61 76
85 50
49 64
79 57
60 0
98 35
43 93
48 76
53 6
65 94
90 36
11 75
87 11
65 72
6 67
22 12
58 6
23 69
5 45
26 86
28 67
7 87
98 4
35 0
26 87
30 2
71 36
90 23
89 86
42 85
40 82
13 88
25 60
67 75
58 25
37 32
36 43
35 88
23 52
37 20
58 43
35 42
51 2
36 66
62 69
9 94
81 54
57 82
91 85
70 4
49 5
17 77
40 47
26 11
74 37
16 50
45 7
74 45
91 52
4 4
15 93
85 82
12 4
17 23
57 75
27 76
24 23
7 49
37 94
44 36
84 69
31 50
2 19
92 3
40 68
20 25
69 9
94 36
66 71
10 85
53 43
88 78
74 30
1 52
14 94
61 35
49 42
87 33
36 31
76 64
64 78
20 20
0 56
3 64
7 91
72 69
23 17
96 21
68 51
43 11
15 22
38 83
43 6
87 87
42 66
87 94
16 68
52 10
71 53
26 79
63 15
25 98
17 58
25 49
77 94
64 8
22 35
18 20
84 92
38 26
4 54
54 18
74 16
54 23
13 54
84 60
40 7
72 32
5 30
64 6
28 9
94 76
8 15
76 42
26 14
20 35
83 66
8 82
7 29
77 41
88 51
57 79
58 79
67 76
29 43
67 50
38 42
28 61
74 98
63 93
54 41
73 58
59 91
16 42
26 77
20 39
6 36
6 29
81 60
80 63
75 16
50 19
86 43
51 21
69 73
29 82
83 13
32 16
48 91
43 61
52 34
88 27
98 3
7 27
98 48
19 13
11 70
46 20
17 25
75 60
33 92
34 21
21 45
46 54
0 58
18 35
52 15
9 69
64 66
33 47
42 86
16 7
74 24
93 11
73 44
15 51
10 89
X
66 80
57 40
78 21
83 73
93 22
8 54
82 85
77 66
15 9
64 85
22 39
52 90
74 39
65 34
82 53
91 27
29 41
89 93
65 38
73 23
68 90
72 73
X
72 25
47 34
45 81
67 58
36 78
7 64
74 27
5 18
9 91
37 11
88 65
64 86
8 2
31 79
12 56
22 65
2 88
53 89
53 92
40 75
82 66
34 57
36 56
25 82
21 25
25 19
76 17
38 51
19 45
2 73
9 16
63 52
52 22
23 64
14 80
41 66
22 63
35 58
8 46
0 76
17 95
31 90
23 55
61 73
13 72
87 54
45 56
10 13
59 95
14 11
35 40
55 55
31 45
54 22
92 19
44 97
16 4
48 29
38 8
93 37
88 89
14 81
55 48
14 76
57 29
7 70
53 57
59 53
41 63
X
46 40
62 37
47 8
16 33
32 23
80 29
54 6
47 18
71 26
38 55
92 37
55 50
89 43
60 67
16 78
79 79
89 98
29 2
61 75
49 72
30 40
4 61
26 4
81 31
72 52
11 23
34 31
27 15
6 71
62 36
29 1
38 49
6 74
10 24
36 46
32 87
16 26
69 41
2 68
6 24
10 88
96 71
41 87
4 0
11 55
12 54
66 32
44 8
77 38
35 69
3 16
27 52
10 42
78 58
85 9
94 78
66 85
92 34
88 57
12 96
16 60
19 67
14 72
25 92
47 35
52 25
44 7
21 4
90 32
89 28
57 4
26 74
22 9
48 97
26 46
0 66
28 30
29 46
49 51
50 56
89 46
5 3
7 81
15 59
60 77
7 77
96 59
22 8
35 57
37 97
76 56
95 23
6 95
14 21
76 91
40 41
12 72
92 44
11 12
37 18
98 96
89 1
10 82
9 68
63 83
87 37
2 47
72 29
61 81
40 55
62 17
94 2
72 14
3 39
7 48
84 3
36 69
50 29
72 36
14 27
91 95
91 21
26 38
95 92
69 30
66 89
23 59
60 62
12 69
79 56
10 48
52 35
86 30
61 15
29 5
57 55
44 53
84 67
9 76
93 51
84 50
63 55
50 27
93 16
72 44
16 54
2 9
38 41
38 12
70 58
3 71
92 72
15 20
74 6
55 49
90 35
18 89
46 39
4 29
85 59
20 22
82 94
82 49
22 67
84 95
57 47
62 59
19 16
22 56
54 91
21 53
5 5
54 36
7 52
29 9
88 70
62 6
83 46
11 48
74 56
16 16
70 73
23 27
4 45
25 61
28 14
89 78
53 15
73 14
55 12
56 98
29 66
75 94
17 3
X
12 92
20 8
5 14
85 33
91 83
94 68
28 12
88 92
25 54
13 81
61 72
22 22
58 74
94 54
72 37
49 11
7 22
80 61
66 55
19 55
98 47
5 44
26 81
84 12
21 40
56 63
91 93
5 59
87 2
70 38
54 77
23 24
2 52
75 75
20 30
17 57
66 42
72 48
42 39
22 53
39 35
34 67
58 39
76 44
79 83
52 48
90 85
59 78
41 11
49 56
7 58
50 51
56 8
11 47
4 41
93 53
47 77
81 92
76 54
65 41
27 46
72 94
47 20
15 0
78 65
30 50
32 51
12 73
85 34
21 13
91 41
41 58
23 29
97 15
55 38
68 17
72 63
93 66
25 90
19 24
49 52
72 7
87 71
63 72
52 95
55 41
X
15 56
97 95
98 10
38 19
56 26
23 3
42 96
33 49
39 62
30 57
79 12
6 32
53 68
98 86
35 15
68 89
85 54
13 98
27 57
17 92
72 30
97 48
60 2
34 18
42 25
25 44
16 80
59 59
46 96
35 21
89 63
5 85
16 47
16 52
92 62
55 10
83 65
44 33
87 34
47 87
39 6
5 2
52 74
34 19
44 69
72 55
59 82
97 62
18 79
85 79
10 54
72 74
68 96
45 0
21 95
57 59
56 81
15 94
25 35
30 42
63 94
25 20
80 44
13 18
94 20
14 4
19 21
14 29
55 73
45 53
26 23
58 83
84 85
68 93
16 59
83 83
89 75
95 12
15 90
8 44
32 24
83 28
26 13
47 30
0 57
0 59
61 24
9 41
39 83
4 96
57 72
78 45
21 70
25 75
44 71
49 66
85 83
37 78
62 65
90 62
80 31
54 82
84 84
25 78
44 77
75 22
24 92
89 64
32 62
52 42
66 6
45 67
40 42
80 55
37 64
16 77
15 13
30 25
64 76
83 59
4 68
5 16
40 6
60 88
34 91
51 95
12 83
43 33
56 3
63 3
33 37
61 74
30 79
19 19
24 11
21 7
23 50
96 40
73 71
52 46
63 82
78 68
80 60
79 21
41 9
12 68
42 67
14 48
2 69
61 25
7 74
78 22
96 84
8 18
27 67
1 47
45 90
89 12
75 63
97 69
23 45
88 96
85 19
80 33
22 47
66 90
6 12
59 54
23 41
38 90
98 70
8 98
9 90
78 95
32 46
83 96
91 53
70 74
38 53
89 66
96 51
73 83
25 76
44 87
49 78
59 7
62 73
38 32
92 27
30 32
3 69
49 23
95 62
40 32
61 62
87 41
38 35
23 60
93 34
46 3
53 4
45 49
33 46
21 44
22 14
64 65
13 71
67 29
39 60
39 76
74 81
15 78
72 76
28 40
50 73
90 92
71 71
98 81
88 81
95 0
56 15
40 10
9 6
95 13
66 31
78 46
28 86
9 79
25 27
69 81
60 76
47 86
44 92
53 95
45 13
73 10
5 6
39 78
94 25
16 57
65 31
76 36
30 36
41 36
94 3
45 58
3 35
50 64
37 53
83 21
51 5
9 19
15 4
79 88
38 63
76 51
62 64
97 87
73 9
81 84
94 94
27 69
52 57
27 27
70 90
85 29
86 59
71 78
36 58
8 4
56 56
60 23
32 59
37 50
77 68
84 25
24 89
51 80
6 6
53 86
79 65
10 19
73 97
32 65
95 53
89 13
51 61
27 59
50 30
97 79
19 70
56 82
19 90
72 22
67 3
68 78
40 86
8 35
64 18
43 95
89 40
96 48
5 4
18 18
82 50
44 0
93 35
53 14
56 27
3 77
6 10
30 78
78 83
25 31
70 37
71 29
58 59
44 88
93 81
90 37
21 22
50 21
55 77
26 47
14 79
68 23
66 59
20 81
12 63
16 13
91 82
42 13
4 53
72 57
90 57
57 38
46 91
47 33
35 7
20 80
92 55
43 69
44 55
20 69
48 63
77 88
46 46
2 14
9 32
74 70
16 25
96 80
17 49
90 95
32 71
93 14
30 51
86 29
49 97
39 61
48 7
81 88
5 95
54 61
7 55
12 78
89 58
56 2
41 45
15 54
8 78
27 8
43 71
76 19
54 40
57 25
74 77
6 79
3 22
69 65
54 97
78 53
4 95
91 14
14 84
60 83
3 17
39 5
4 34
33 27
41 73
94 93
92 73
91 55
7 41
78 54
38 64
77 76
6 23
97 12
66 84
9 35
88 3
69 67
46 48
26 8
40 57
48 49
22 46
81 94
53 64
55 14
62 91
13 38
90 66
48 37
20 7
81 78
95 69
26 89
27 23
34 68
8 5
7 95
74 78
72 56
93 57
46 10
75 38
17 72
45 42
70 45
5 69
79 66
85 23
41 74
19 18
60 16
81 16
71 46
3 66
34 48
33 82
49 58
69 96
37 91
96 0
22 21
20 43
22 75
29 65
18 74
0 81
12 60
46 79
42 23
60 57
81 55
76 15
97 39
82 80
55 89
57 22
27 31
37 84
6 14
82 81
83 56
88 17
50 74
47 82
61 11
35 28
3 63
81 56
20 76
53 69
51 29
66 70
15 12
84 62
81 53
24 88
40 83
13 28
84 77
15 87
93 64
92 28
22 91
63 57
1 90
45 48
37 43
21 15
59 81
78 61
34 63
92 4
49 13
43 18
46 94
84 10
56 1
95 93
82 22
34 60
84 51
31 22
25 7
53 37
58 90
12 29
23 13
59 76
42 80
36 89
59 23
3 56
7 88
87 16
64 45
37 7
92 31
17 55
35 95
31 48
38 74
32 13
77 2
34 13
67 83
39 34
87 28
98 14
10 62
78 19
17 70
80 15
66 9
58 81
25 56
92 35
54 27
X
77 54
93 32
7 94
68 84
55 59
73 46
37 12
4 19
41 39
16 49
45 36
58 23
0 10
59 35
51 79
98 40
47 96
85 62
26 42
59 79
40 13
82 57
84 76
84 5
86 94
65 61
19 34
77 4
14 65
41 50
46 62
68 50
22 59
53 60
44 34
17 75
78 9
19 41
18 0
53 39
X
17 61
82 21
35 65
20 21
65 91
53 0
78 12
X
35 67
23 54
14 73
33 68
7 89
33 50
5 52
11 98
47 47
60 63
44 91
20 83
73 3
90 50
42 44
32 77
84 64
56 4
83 62
61 39
68 37
53 97
87 36
4 32
16 18
33 39
69 78
17 60
11 45
75 37
43 17
51 27
35 27
84 38
60 27
10 74
74 57
19 9
34 52
61 59
94 23
50 35
36 48
27 10
75 79
34 43
28 17
12 74
55 20
56 20
19 60
66 63
55 26
78 23
22 93
34 50
32 6
92 0
86 24
43 50
22 68
4 26
23 40
22 33
45 15
3 72
83 82
85 41
85 36
12 19
19 52
11 41
18 56
35 70
73 70
98 11
95 97
73 49
27 6
38 87
91 26
78 78
14 2
40 51
16 48
32 98
75 78
X
91 38
61 54
87 20
66 82
82 2
30 17
71 91
85 78
19 74
50 60
55 87
80 71
95 29
32 0
83 64
39 88
65 58
68 95
22 80
89 80
7 38
70 91
3 95
43 64
22 62
55 83
72 67
74 94
23 8
98 42
33 81
8 19
33 20
39 54
70 29
69 25
94 7
76 81
12 24
7 97
71 0
5 71
86 21
83 7
59 84
32 28
45 26
66 65
5 94
65 53
27 43
23 32
78 59
33 55
98 63
34 32
89 96
37 44
17 12
23 6
11 90
83 90
17 89
48 47
87 51
59 93
84 24
20 63
12 97
41 7
6 97
45 86
90 91
30 19
76 49
69 21
37 15
45 31
57 81
83 22
73 88
30 56
83 33
39 63
55 39
9 10
66 36
65 11
44 83
66 54
57 26
33 65
70 35
31 17
23 77
61 2
17 29
79 32
25 37
36 0
38 21
65 73
19 82
89 41
22 41
12 64
94 5
23 21
94 61
12 71
56 6
88 58
5 58
72 33
80 96
78 91
74 46
87 86
69 6
3 31
31 67
94 57
14 34
40 88
8 43
97 7
34 64
45 89
57 94
43 36
84 47
31 33
8 67
86 13
39 36
84 40
9 92
38 27
11 19
69 23
10 49
35 20
59 18
52 79
15 6
2 97
24 4
34 22
43 56
45 92
14 61
6 86
64 56
53 81
46 29
41 18
7 67
13 10
6 28
60 36
80 76
11 39
71 97
8 75
51 7
11 42
30 23
25 81
76 84
21 55
85 18
42 42
0 52
64 95
5 70
50 96
49 4
46 56
20 3
33 85
1 96
2 67
89 67
27 20
89 5
X
18 92
8 36
56 10
53 48
71 35
2 51
28 5
73 17
14 96
45 68
9 93
26 88
12 2
89 36
74 7
74 86
68 40
75 36
10 98
30 84
13 62
44 31
1 11
13 34
45 33
5 60
95 90
93 43
43 8
85 68
X
78 71
2 98
97 45
44 78
86 46
93 77
62 23
40 74
69 40
36 19
0 47
58 34
29 45
24 13
51 35
96 77
41 96
88 87
53 82
35 87
10 69
83 74
76 65
59 48
82 69
83 3
12 41
89 90
3 52
29 34
81 2
70 49
41 3
36 44
95 98
77 42
95 36
15 75
32 17
50 49
37 70
6 44
92 20
92 89
34 15
36 47
72 19
96 42
77 79
80 13
80 67
51 43
43 78
42 11
76 21
63 16
11 65
41 93
72 40
81 19
51 53
91 51
37 33
14 15
73 24
97 91
50 59
52 72
8 38
48 72
86 2
35 93
59 45
73 20
13 78
0 87
53 96
93 33
48 36
6 77
43 84
56 36
71 56
81 95
32 89
69 54
65 82
47 16
41 20
89 20
41 22
33 29
79 28
11 43
32 15
72 18
32 66
50 36
63 70
25 48
21 31
28 46
X
24 50
10 91
56 67
23 18
75 86
87 5
59 36
2 12
37 21
34 62
89 81
90 45
4 17
62 61
31 37
88 26
91 46
18 44
75 71
12 44
24 68
75 82
45 19
87 79
33 86
57 27
23 98
3 10
69 3
66 5
73 94
73 25
97 49
84 83
32 55
27 47
66 62
4 66
20 95
76 30
26 83
20 19
50 91
82 46
85 61
52 19
55 21
20 13
6 50
11 57
83 9
0 11
13 48
42 17
59 15
38 93
80 59
65 98
75 65
29 80
81 26
80 10
28 22
12 75
38 57
82 95
83 93
75 59
56 71
1 9
73 7
47 21
72 70
97 81
54 88
94 60
87 55
14 3
82 7
85 70
23 65
98 24
89 26
66 33
59 25
62 55
95 58
7 40
27 68
12 30
35 71
30 44
X
5 21
40 14
26 50
18 45
8 63
89 23
70 97
13 56
74 18
12 35
84 82
79 0
59 73
55 63
22 87
31 66
5 63
34 45
95 42
45 21
9 71
78 16
86 63
50 11
32 37
85 30
74 40
65 4
88 45
21 78
37 82
75 28
59 80
52 40
12 23
58 3
88 35
81 36
65 56
23 70
31 63
4 84
38 46
52 20
18 6
X
59 27
17 13
6 19
77 35
78 87
35 25
81 74
80 36
49 81
45 95
8 81
71 47
54 4
74 82
51 9
65 30
22 77
69 48
47 32
4 30
20 23
93 93
67 48
79 23
93 55
29 39
73 1
77 40
47 22
87 81
40 49
42 43
77 36
61 67
78 64
85 28
57 6
46 59
76 62
46 17
49 92
70 12
19 7
50 45
46 35
15 84
48 11
39 95
95 80
55 52
21 96
75 64
65 6
49 17
65 40
12 33
55 29
53 90
43 31
14 49
46 44
24 12
81 0
33 72
17 93
91 75
84 29
23 81
17 81
34 24
96 37
40 3
76 60
2 92
85 44
5 12
42 83
57 44
41 76
17 33
41 70
85 72
39 65
43 72
12 95
36 26
51 48
78 4
12 20
44 25
53 27
53 83
82 3
67 51
73 57
3 34
9 3
89 17
16 58
53 67
38 17
42 2
94 9
58 84
32 48
90 98
69 93
21 60
35 60
67 52
14 13
77 9
45 5
83 50
79 92
63 30
10 63
18 29
38 84
64 28
58 71
59 16
70 6
32 49
4 56
11 10
28 62
86 11
40 67
56 88
94 30
64 9
46 95
50 13
42 37
38 16
25 36
41 46
45 77
50 92
13 91
78 3
42 59
9 59
84 86
93 2
39 23
75 85
79 72
21 58
58 66
89 31
15 97
73 18
50 38
25 22
76 76
48 70
34 7
13 97
81 70
39 16
40 76
41 78
20 24
95 15
91 1
87 70
1 24
46 50
5 27
51 41
55 69
53 24
2 56
63 18
14 71
45 60
50 52
93 13
17 8
93 63
13 4
64 3
96 30
95 38
56 93
51 55
68 44
37 27
70 22
44 19
15 8
42 50
24 78
71 1
11 97
33 95
42 20
73 62
97 82
79 55
64 26
7 79
24 17
69 79
62 76
36 37
42 57
58 55
58 24
8 89
41 42
70 3
11 88
63 12
58 65
49 87
64 24
78 11
56 68
97 72
41 27
97 19
43 85
7 17
54 43
27 77
33 69
80 85
10 8
39 26
55 24
3 91
47 14
78 70
53 20
86 32
82 77
33 33
50 17
28 27
8 64
46 14
64 93
50 57
49 19
80 7
6 13
95 59
95 4
13 37
75 55
26 97
81 57
10 75
27 3
60 60
15 49
15 88
22 79
67 46
37 29
75 10
18 64
50 76
36 42
84 80
53 42
9 15
75 0
47 93
14 47
48 82
96 62
83 70
34 38
28 18
49 96
40 44
70 72
54 5
10 23
21 27
87 74
52 83
85 32
91 40
57 60
94 56
17 90
73 26
53 56
29 89
52 41
82 0
14 37
26 48
26 36
45 29
71 43
4 97
87 83
35 85
61 94
26 58
64 46
46 37
55 16
60 74
6 96
64 29
90 24
47 61
7 37
6 78
70 96
56 89
55 93
84 98
9 9
96 50
20 45
6 34
91 66
97 44
74 55
28 31
44 6
81 91
22 18
91 94
50 78
19 12
86 80
19 95
58 11
18 40
1 93
18 25
65 76
18 22
49 22
87 66
41 68
5 31
49 37
85 10
39 58
68 62
59 4
71 77
30 5
3 97
56 54
32 74
0 77
82 1
30 94
36 64
47 80
91 42
1 35
20 92
29 21
47 76
91 6
29 32
10 76
65 23
97 55
81 58
43 58
92 64
73 61
46 5
88 98
80 89
37 35
68 75
53 46
98 61
33 28
9 65
33 70
19 81
95 55
80 88
45 20
28 51
92 82
30 22
84 59
73 13
36 91
14 66
80 97
34 55
70 5
68 54
8 92
65 88
3 26
47 54
8 6
32 45
51 70
98 13
18 63
50 58
44 95
81 50
71 24
74 0
7 72
28 2
32 79
53 11
77 28
42 69
86 70
64 17
86 34
73 37
24 46
81 83
64 39
7 60
18 8
52 7
79 30
66 93
39 29
90 74
97 93
82 91
10 77
12 66
66 94
66 4
27 12
72 0
82 39
26 9
22 73
49 73
38 70
95 10
30 77
4 77
46 12
89 44
2 64
71 12
18 90
12 28
44 61
1 43
77 10
12 48
66 61
37 49
96 91
66 19
17 78
82 5
54 10
31 70
55 80
67 37
7 47
X
68 82
42 12
16 55
74 62
37 90
79 2
37 79
68 31
24 31
50 61
56 22
33 60
43 89
25 91
72 1
26 22
56 73
79 96
71 95
0 46
35 46
32 29
25 11
78 30
69 17
60 40
28 1
76 14
61 56
33 48
20 4
30 21
91 60
46 66
3 76
16 71
8 55
59 3
80 78
51 54
70 48
59 87
89 52
71 92
26 10
74 43
97 21
87 92
70 55
63 46
46 45
47 27
98 53
81 90
88 66
0 13
51 59
63 27
7 98
48 51
81 93
82 52
9 2
67 30
39 19
90 16
12 22
89 92
2 26
98 45
43 2
11 37
62 60
90 31
97 40
91 31
74 84
37 30
21 62
15 62
34 69
72 38
47 38
98 54
79 50
44 20
79 46
70 10
76 57
7 16
36 28
67 24
62 47
6 69
89 34
76 20
41 14
72 68
86 73
97 20
22 81
46 34
2 60
59 52
42 45
43 60
68 4
18 98
93 5
31 20
39 96
47 29
36 74
68 49
24 90
66 43
31 98
66 73
2 65
85 13
82 9
96 38
76 86
95 28
44 24
91 65
64 77
50 71
69 26
17 48
61 64
47 63
8 37
82 47
81 97
12 8
98 25
21 8
63 61
44 49
29 29
87 40
49 69
45 16
6 41
23 15
57 86
43 49
98 84
8 83
48 2
22 55
75 57
82 17
53 78
28 66
67 32
8 86
27 5
13 25
33 36
96 75
48 67
20 53
16 65
40 22
82 86
61 78
47 48
19 23
39 59
53 73
22 96
51 58
95 74
66 10
98 39
94 19
81 47
75 89
68 56
30 24
90 86
37 83
9 17
62 35
73 2
78 63
34 76
31 87
25 88
24 32
88 44
25 89
61 41
37 31
86 98
17 34
35 80
13 13
21 54
12 17
28 29
32 22
64 94
13 11
47 62
16 8
65 50
67 40
26 68
78 88
48 19
15 92
13 26
11 62
10 29
80 5
4 87
34 28
65 47
37 89
21 93
59 26
26 45
30 8
93 79
76 58
71 38
29 77
49 44
17 2
80 56
48 58
14 33
X
63 23
73 38
34 47
51 85
66 52
71 76
89 68
17 10
35 47
96 33
24 57
43 87
56 11
8 21
33 24
7 93
25 25
19 35
88 54
93 94
3 86
27 66
51 74
5 41
71 2
93 38
31 8
93 60
96 28
1 91
5 8
70 67
22 16
28 15
17 24
31 42
68 29
29 31
4 73
31 0
18 21
54 53
56 90
67 25
10 92
49 7
97 34
94 4
7 86
8 53
5 42
88 64
4 88
78 10
79 19
33 88
28 70
70 98
88 8
12 45
41 79
3 60
67 17
81 6
58 91
10 60
38 23
46 19
96 14
19 46
23 19
94 24
48 94
19 53
14 92
25 28
30 6
76 72
45 85
18 82
61 70
3 6
65 60
22 61
71 14
34 71
98 80
1 81
73 98
76 88
9 20
86 35
94 34
77 59
93 90
62 8
28 79
81 34
89 35
48 28
26 70
74 85
82 14
26 85
95 2
34 56
90 22
64 37
38 65
84 35
54 26
18 73
12 88
77 32
3 98
42 75
93 54
32 18
98 92
91 91
73 73
51 18
2 87
36 84
43 74
66 29
67 94
94 22
67 62
88 77
97 53
21 79
93 3
54 42
10 55
96 83
67 23
57 42
25 47
3 55
81 8
46 65
89 84
9 40
94 79
91 12
28 77
5 89
79 59
40 48
69 35
44 9
64 90
66 46
27 28
17 18
13 60
60 26
18 60
74 79
94 91
1 58
25 34
32 34
1 66
51 92
77 63
48 53
51 72
30 87
27 86
54 92
95 87
53 44
65 44
47 81
0 14
93 29
68 87
18 78
75 70
49 29
3 80
31 68
41 12
37 26
25 97
60 73
35 45
9 85
46 53
25 52
8 9
1 76
37 56
42 94
68 72
57 43
77 90
90 40
95 48
44 80
84 4
48 3
7 6
2 25
4 37
10 2
42 9
85 31
26 69
1 82
51 3
80 58
56 80
45 45
17 9
76 2
24 81
38 50
86 5
8 16
37 46
98 69
48 62
84 6
64 42
19 92
52 38
15 86
69 56
90 13
71 80
67 72
62 62
18 96
26 35
78 90
74 9
72 71
97 71
12 15
78 32
22 66
12 82
51 75
37 57
55 45
22 92
50 53
18 51
25 70
31 40
68 92
20 15
40 59
44 17
55 27
59 33
90 15
45 32
85 98
69 60
79 69
9 37
7 56
75 50
49 93
94 82
41 5
50 88
23 42
90 94
9 14
40 85
59 74
75 7
67 44
10 57
34 87
94 90
57 45
43 10
36 55
38 66
90 21
81 10
22 64
83 0
95 75
67 93
60 22
47 67
88 63
70 7
14 39
74 10
43 30
72 12
89 55
97 85
87 31
7 21
5 1
65 95
73 82
10 97
2 46
64 82
40 17
24 42
16 70
53 76
35 73
11 16
91 22
21 42
47 15
6 39
54 13
10 94
49 94
97 38
54 29
56 0
69 74
55 44
23 57
7 14
96 31
6 9
42 89
56 59
94 32
51 56
6 30
51 47
2 28
69 39
4 23
5 17
61 52
21 19
38 78
88 25
69 32
88 22
61 69
83 87
9 84
6 54
X
5 37
39 2
74 88
39 52
70 28
85 17
96 68
4 93
16 53
58 56
X
5 48
90 53
72 46
11 76
85 66
5 19
60 37
47 85
76 63
5 82
93 71
4 60
97 32
37 17
89 22
88 34
6 93
14 57
15 65
16 93
92 36
14 87
40 84
40 73
47 55
4 44
X
43 81
89 37
24 40
30 4
26 21
14 59
39 56
96 27
93 30
57 46
14 12
81 14
13 20
X
61 88
53 38
30 45
37 47
45 78
74 17
16 79
14 54
49 3
82 65
39 49
37 19
29 26
51 69
37 25
6 25
41 69
30 81
84 63
0 20
62 46
41 43
42 3
23 28
38 76
57 80
18 68
83 16
7 35
58 41
30 53
6 16
2 96
82 8
90 38
44 59
51 17
36 83
54 62
66 53
46 52
85 11
53 26
64 12
47 89
98 41
45 91
16 51
91 69
90 18
77 93
54 25
16 66
81 24
91 56
95 88
92 14
26 15
67 71
12 21
74 83
10 36
4 25
41 95
55 40
58 98
80 50
69 95
49 90
44 22
36 7
19 5
90 54
6 43
13 17
40 2
86 85
90 59
56 57
35 76
36 82
33 22
73 31
81 67
60 1
59 22
77 37
92 85
91 13
36 51
68 53
75 6
56 7
75 93
55 47
30 89
9 78
41 44
96 70
66 24
36 61
19 69
91 84
53 49
59 86
4 83
24 16
45 14
48 69
23 73
18 9
30 75
68 3
48 40
97 2
26 52
30 20
96 24
72 39
89 14
56 84
58 18
85 38
20 94
10 10
74 75
58 78
46 11
47 39
40 46
65 55
21 57
28 45
48 14
28 21
1 59
33 32
94 14
60 33
71 28
77 65
83 69
X
23 22
66 23
97 83
66 57
93 82
12 62
54 84
64 19
19 54
21 47
26 55
19 14
8 29
20 32
40 11
17 1
10 27
41 82
58 93
21 14
96 86
95 40
97 63
8 20
95 31
61 91
16 35
X
8 72
34 0
52 9
79 64
75 45
76 75
55 11
59 64
64 64
88 91
9 46
37 59
43 79
47 65
26 49
22 29
54 57
19 59
19 93
28 53
11 58
54 73
28 3
45 62
16 90
84 56
60 90
95 91
98 91
29 52
38 11
60 41
13 15
49 35
31 38
3 88
44 35
44 21
14 10
17 73
42 1
17 28
7 8
15 1
55 68
80 86
74 31
63 10
62 78
37 22
44 57
57 39
4 47
18 55
73 80
54 32
41 19
54 69
44 15
96 90
49 79
15 83
13 83
43 73
66 3
6 27
10 73
45 87
59 11
56 51
56 86
74 96
61 71
4 33
76 16
33 71
45 59
1 77
4 39
56 60
0 21
6 20
16 28
35 66
50 37
50 2
37 62
78 38
79 29
88 12
81 68
X
38 59
51 73
38 52
4 55
25 42
19 68
86 19
94 21
47 91
78 18
56 53
9 51
46 58
82 40
11 94
42 16
41 37
43 77
6 33
83 2
60 59
31 55
12 10
48 15
22 11
89 8
30 33
87 30
70 83
60 68
1 86
98 8
24 48
3 18
18 95
90 12
74 2
30 47
74 74
30 90
64 25
77 64
70 81
83 91
84 13
65 93
51 39
62 11
49 16
37 0
63 6
94 63
15 85
43 88
81 89
25 43
79 33
54 47
15 58
33 25
9 80
28 33
97 84
68 30
14 26
54 7
41 65
65 39
16 11
34 23
19 91
86 22
98 16
72 21
44 47
19 88
7 59
62 7
13 45
58 77
37 13
82 76
48 81
45 71
68 79
15 69
31 97
90 71
95 26
78 8
88 95
93 24
18 57
88 52
93 4
21 34
60 48
9 70
39 20
40 69
61 10
5 13
79 17
96 25
38 91
9 81
44 29
80 70
36 93
77 30
51 24
47 1
86 56
4 7
35 94
52 16
8 88
92 69
12 77
14 28
31 28
37 93
58 72
12 55
43 39
58 45
27 4
25 23
7 92
77 52
0 96
64 43
61 48
43 29
43 92
77 29
52 39
82 84
96 94
83 78
44 1
6 7
56 92
17 79
57 11
68 39
13 53
49 8
22 97
29 78
98 57
84 14
71 79
54 3
27 53
73 85
14 55
45 94
40 37
15 3
68 55
11 21
32 39
48 24
26 7
68 16
66 72
26 30
38 44
79 91
19 22
63 2
31 74
34 70
17 26
1 53
53 72
26 6
44 65
X
41 49
38 94
92 38
4 35
73 76
55 53
28 4
71 33
47 98
68 47
80 69
57 14
41 77
85 39
57 7
0 73
29 22
49 15
54 95
53 47
41 26
90 77
26 98
93 12
84 23
65 74
53 84
29 6
18 53
5 28
66 58
1 63
X
2 89
61 63
43 24
30 0
21 56
47 12
4 1
98 93
78 33
92 45
32 54
39 64
93 72
82 23
28 76
27 48
21 91
31 34
40 34
39 0
97 1
63 41
58 10
29 24
6 48
63 31
59 57
85 76
19 17
49 18
95 86
81 45
82 34
51 65
98 12
50 12
78 2
14 82
90 39
13 74
68 70
81 87
7 51
22 23
6 61
36 77
34 81
57 74
1 23
30 52
51 8
40 78
60 47
64 2
68 81
14 16
48 20
43 65
2 30
0 64
37 67
32 64
88 42
50 66
87 29
32 86
82 56
18 72
8 79
48 86
83 19
51 96
45 18
74 73
77 60
42 91
17 97
98 38
58 31
26 18
23 43
59 69
88 55
4 42
66 81
46 31
33 34
16 6
40 5
62 66
9 21
75 58
86 20
34 11
49 2
49 63
65 45
98 46
58 68
38 92
85 91
13 64
83 81
29 44
14 93
98 95
93 83
18 52
32 36
45 27
53 2
43 14
64 89
44 27
4 81
63 65
2 54
48 13
1 44
49 60
78 94
95 3
50 68
96 93
81 75
90 52
55 25
75 73
43 21
50 4
X
71 44
88 84
95 5
60 6
32 14
57 57
80 11
46 4
47 73
27 84
36 80
4 28
20 96
34 89
1 13
13 8
93 76
27 70
26 24
71 94
52 89
41 24
80 25
4 82
75 17
70 56
5 7
44 66
98 22
3 74
11 20
6 37
34 33
89 42
2 81
14 38
21 9
16 91
27 80
32 80
11 2
8 14
6 5
9 33
60 80
46 7
98 21
29 10
91 24
18 15
13 7
4 31
39 9
45 93
43 3
35 11
68 22
61 92
68 38
39 74
58 14
15 25
13 84
40 1
17 71
50 20
48 64
51 62
65 5
80 28
20 79
9 86
47 88
11 40
23 39
93 20
X
15 33
63 17
24 27
74 50
28 8
43 9
77 16
49 53
70 13
22 38
56 55
14 5
78 20
92 41
48 80
71 54
39 10
37 85
13 76
1 0
98 18
52 65
76 40
60 25
82 82
56 21
29 18
10 72
75 53
10 90
72 8
53 62
43 83
98 65
3 11
6 81
94 73
44 39
36 20
43 7
68 94
21 38
43 32
29 48
53 1
54 16
97 4
94 89
87 96
69 1
71 72
X
34 86
22 10
7 26
42 76
98 89
77 83
44 89
31 47
85 92
73 19
94 53
46 8
36 33
14 25
98 43
87 32
13 35
75 43
13 92
97 66
72 10
51 91
11 13
88 24
14 78
47 57
82 96
86 44
33 67
46 55
90 5
48 23
7 32
4 72
52 59
14 24
88 14
64 75
97 22
46 51
10 56
55 1
59 89
51 22
96 13
5 25
79 45
73 42
57 20
15 42
93 6
14 64
55 76
33 14
69 5
37 73
26 60
48 39
53 36
12 38
71 60
8 90
50 87
13 22
60 35
95 89
38 60
14 95
71 30
55 90
73 32
6 88
8 13
70 66
51 81
88 0
54 93
69 62
53 25
59 94
52 82
69 37
83 4
58 63
92 15
16 64
67 59
46 80
11 9
68 71
94 16
57 24
79 82
92 16
82 35
98 34
15 39
44 41
73 75
3 90
31 80
85 6
12 39
84 19
91 43
95 54
21 43
45 47
20 65
96 43
64 61
48 12
98 62
86 31
10 33
97 10
39 28
28 71
40 39
5 78
78 44
41 89
25 66
44 26
61 8
37 76
12 12
65 75
5 53
84 89
66 60
80 49
56 79
25 6
0 63
25 77
55 23
34 36
16 19
0 86
84 87
82 6
57 31
94 80
65 28
61 55
92 40
43 82
67 84
57 65
63 71
16 76
35 91
84 16
41 1
19 44
37 81
90 33
45 11
68 60
46 63
85 24
92 56
42 90
26 40
88 18
80 34
52 77
67 31
54 14
63 42
43 76
27 85
77 48
13 75
34 51
7 66
35 37
42 87
92 42
69 70
17 51
87 93
69 49
80 46
3 89
34 46
29 20
58 32
71 13
4 27
7 96
79 85
54 72
57 10
22 72
34 77
19 15
84 73
72 86
45 76
46 15
11 18
6 76
22 60
54 76
34 92
19 65
72 50
72 96
68 63
94 74
3 73
77 73
13 70
23 96
17 80
0 65
19 10
74 71
11 35
80 26
16 61
73 51
65 81
57 9
6 82
48 88
10 34
61 61
62 16
25 41
39 71
38 29
87 42
18 1
5 93
87 15
91 71
5 96
49 65
2 34
47 94
56 46
51 40
67 61
82 68
24 28
56 41
4 74
32 42
5 9
38 48
19 8
52 85
32 47
37 16
X
48 65
66 45
77 55
13 73
46 87
17 98
76 98
89 65
51 10
77 72
89 71
63 43
78 56
72 93
7 19
93 42
49 91
36 92
81 7
18 7
23 58
69 66
49 89
18 3
10 22
X
38 13
51 77
90 60
44 30
8 56
18 17
2 63
34 74
64 11
36 65
97 8
30 29
4 12
2 1
31 81
83 18
21 92
63 9
54 37
82 12
16 89
33 63
19 75
51 60
74 63
1 51
40 24
66 76
57 3
44 63
85 84
21 63
20 18
38 18
37 23
87 14
96 10
15 98
94 31
68 12
22 78
70 9
43 86
56 95
61 23
85 81
53 7
12 93
54 64
43 25
26 26
25 87
44 28
25 69
50 42
12 0
78 80
47 19
63 36
89 69
16 97
12 59
79 36
42 58
62 90
77 87
78 13
30 14
0 48
80 87
48 35
40 33
53 75
63 8
12 87
13 44
82 83
64 7
81 17
50 69
42 84
47 43
46 1
66 44
83 24
88 31
71 59
62 30
91 25
51 57
37 65
42 70
12 94
58 73
50 70
87 73
2 13
62 56
37 63
84 17
24 86
58 96
16 17
27 33
85 43
88 56
70 63
28 64
36 14
77 12
11 73
17 22
90 82
48 90
6 64
96 3
25 33
20 29
6 68
39 18
29 36
4 6
39 30
15 35
64 80
X
60 18
52 63
80 12
12 91
41 35
95 43
84 28
38 73
17 42
3 92
79 81
34 80
6 80
5 0
X
7 85
62 10
49 74
84 68
73 93
7 25
89 91
48 71
67 9
57 54
40 53
56 62
57 95
79 38
20 97
74 49
97 13
60 3
35 59
4 16
76 77
56 91
39 15
63 49
75 76
65 83
14 50
81 21
22 40
22 70
1 18
61 57
11 25
49 39
4 89
69 80
61 46
93 62
46 47
38 62
28 13
17 64
44 94
37 61
X
83 75
63 79
95 11
83 32
15 14
63 11
73 56
74 19
92 60
54 48
44 67
55 71
93 73
84 75
42 14
84 91
34 26
6 45
56 14
67 42
87 1
24 60
44 18
12 36
11 27
41 90
53 3
37 51
46 49
60 92
52 3
68 61
39 38
46 32
62 12
8 32
28 81
92 67
6 15
3 83
5 26
36 15
9 95
1 70
8 27
19 42
11 28
6 56
52 4
15 63
78 24
34 37
64 48
9 43
87 76
44 56
92 93
83 34
39 14
21 67
82 90
28 47
8 65
76 61
84 37
87 18
74 51
74 3
48 55
23 12
62 49
76 79
1 56
12 27
35 43
89 56
35 64
34 79
15 24
76 43
8 31
9 38
5 84
36 85
95 94
86 81
11 14
61 60
52 23
21 12
83 48
82 18
80 20
9 45
59 77
26 54
76 70
84 20
77 81
36 41
95 96
91 7
36 68
28 10
10 20
81 80
3 70
73 33
74 80
72 34
58 97
17 41
96 55
70 70
62 38
42 22
85 42
57 71
56 47
18 14
66 25
24 30
70 68
12 84
17 35
41 60
40 20
42 48
30 16
68 25
88 49
19 78
86 61
31 35
90 20
43 80
63 24
95 32
41 55
66 92
45 66
66 91
79 60
62 77
92 94
78 81
16 98
11 34
98 9
66 86
50 34
0 53
95 81
48 95
66 64
96 47
42 15
53 13
11 83
25 80
87 77
30 18
91 15
71 64
40 90
65 52
24 98
11 71
20 16
51 89
23 30
24 29
46 92
55 31
84 66
29 85
67 89
75 88
85 55
39 73
48 57
45 50
53 79
10 71
14 52
83 77
16 15
71 81
62 41
68 11
X
38 43
59 47
26 80
79 58
40 87
15 17
X
9 77
63 44
86 45
3 87
93 80
8 3
22 57
44 84
77 70
63 98
37 34
59 88
66 28
94 35
49 21
15 5
0 45
4 43
80 64
98 30
50 77
50 55
90 55
20 54
24 82
61 40
53 63
95 14
78 79
13 33
29 75
78 31
39 45
88 53
85 52
74 64
X
7 80
X
63 75
X
66 37
11 69
X
36 49
88 83
78 15
52 18
15 53
45 37
X
X
X
7 2
55 85
61 89
X
37 92
X
X
93 69
X
X
39 17
X
52 91
X
63 7
94 55
X
X
X
31 25
28 78
62 51
X
79 84
X
X
X
59 71
76 28
X
60 56
X
X
23 37
X
67 81
74 21
31 92
X
X
8 57
61 47
X
45 43
42 7
X
36 72
77 13
74 92
38 33
X
28 72
X
24 53
X
70 8
X
87 43
88 2
85 80
X
X
X
X
71 34
90 0
X
40 12
X
58 57
X
X
45 24
48 50
33 38
79 10
58 21
X
X
X
X
70 80
48 45
87 3
66 66
41 75
X
39 90
52 52
X
X
X
27 91
X
6 85
X
28 57
87 35
29 81
X
67 70
X
7 4
X
53 80
X
77 67
60 71
94 27
X
X
X
X
X
31 71
X
96 36
68 24
X
84 1
X
X
X
X
82 20
17 20
X
76 23
94 70
5 33
87 52
X
27 58
96 32
79 61
X
11 22
X
X
68 42
X
X
X
12 25
X
X
57 33
X
53 28
38 1
X
1 48
X
46 33
5 74
X
X
X
89 53
21 21
97 67
11 61
73 86
54 90
29 50
X
88 41
X
X
85 20
X
X
42 36
17 84
X
71 52
X
X
80 54
54 21
39 53
X
23 90
X
X
61 53
95 64
29 37
36 86
70 20
49 57
55 32
X
X
13 79
43 1
X
14 7
X
X
X
X
X
22 44
X
X
42 78
69 72
95 47
X
X
43 94
X
47 52
44 50
39 11
66 40
11 56
X
93 27
87 46
1 19
65 17
76 93
27 60
67 22
X
77 47
95 39
X
64 59
X
X
51 4
X
X
87 49
X
X
30 26
X
69 22
15 64
53 65
X
X
29 4
X
33 87
24 75
82 25
X
81 25
X
82 74
36 45
52 73
19 80
X
83 38
X
X
33 17
X
61 36
59 92
X
X
X
87 85
X
42 24
X
X
69 68
31 94
59 40
X
X
2 86
82 73
73 43
72 72
36 52
X
42 63
7 7
13 77
X
91 34
X
X
24 36
91 4
15 96
X
84 79
X
35 62
X
75 51
56 69
X
31 93
X
80 93
63 76
X
X
X
X
6 90
X
18 27
19 73
X
27 83
44 60
X
85 25
X
X
8 12
62 25
96 45
38 58
X
85 16
26 78
46 18
X
36 88
93 91
83 40
X
X
X
52 51
X
48 56
X
95 65
X
60 86
94 59
X
X
98 31
X
16 81
X
17 16
X
90 51
27 34
X
X
37 36
47 28
X
23 2
70 46
17 40
38 31
26 28
31 39
X
2 0
X
X
X
75 72
64 49
13 89
8 47
51 50
X
X
47 6
X
56 87
X
87 44
62 88
X
24 59
X
22 69
27 39
20 70
54 86
53 59
56 31
X
5 10
94 77
58 4
27 41
69 55
X
X
75 46
79 14
X
X
28 74
X
9 25
0 68
90 17
39 82
X
X
X
X
X
32 31
X
X
X
X
X
X
97 43
X
X
21 28
31 2
X
5 20
33 66
X
62 9
53 17
11 72
X
23 7
1 64
X
X
88 5
55 88
98 50
59 96
73 95
20 41
67 41
X
X
11 91
X
X
20 14
X
73 16
X
77 91
X
27 82
23 75
X
69 83
X
58 7
X
74 87
51 86
5 61
39 57
X
18 62
52 21
67 63
X
10 32
X
X
57 23
X
X
73 59
X
X
X
X
22 42
97 59
X
X
58 85
X
X
X
X
X
X
91 98
84 78
X
25 84
12 6
11 8
X
28 80
X
X
4 49
28 42
X
21 17
54 58
11 59
61 65
43 28
X
83 94
28 49
41 67
X
92 92
63 25
X
X
77 21
34 65
X
57 90
21 72
X
X
X
X
X
39 68
82 48
78 82
90 26
X
X
X
86 42
X
X
55 19
32 2
24 84
8 93
18 75
13 14
X
87 7
24 26
46 21
4 3
X
27 98
X
20 27
8 91
30 86
52 60
77 56
53 74
87 38
47 59
6 21
86 54
X
X
75 21
67 26
70 31
X
X
X
X
X
94 44
31 32
X
X
X
74 8
X
4 51
54 83
37 77
33 11
13 86
64 72
76 87
X
67 77
X
33 64
96 57
22 30
56 94
49 14
X
77 45
30 30
31 57
21 94
X
6 84
X
X
27 64
X
X
8 49
3 12
X
87 80
X
X
8 30
X
59 66
12 7
X
34 88
10 84
36 30
80 1
86 53
X
X
79 75
71 7
83 95
58 80
77 24
48 77
X
65 8
83 61
79 15
X
X
91 44
11 86
60 53
32 3
75 30
31 26
X
17 6
40 9
94 46
10 17
49 12
X
67 74
10 37
X
17 14
3 32
X
X
1 68
52 56
79 5
X
6 40
75 91
X
76 66
27 14
83 67
70 44
66 34
20 72
97 92
10 21
X
X
X
23 35
X
X
56 29
54 1
41 10
21 29
35 39
X
48 60
X
8 41
91 63
21 2
X
77 51
95 70
41 38
X
86 41
X
X
X
6 42
64 96
X
X
X
27 74
X
X
X
4 50
40 25
33 26
88 28
X
X
51 25
34 41
X
20 42
74 22
X
14 88
X
50 72
0 15
X
14 19
1 72
18 19
91 20
35 10
X
30 39
29 42
X
75 33
26 12
23 72
X
26 41
X
X
X
20 55
X
X
X
18 71
13 87
X
X
X
X
X
38 0
90 70
X
60 85
X
67 39
61 29
X
50 67
X
48 85
80 45
86 83
X
X
14 18
X
X
66 83
X
26 76
X
96 26
96 11
X
29 97
17 96
44 37
X
69 90
X
X
17 91
X
X
X
56 9
79 87
41 57
45 82
78 14
29 68
30 98
X
95 77
58 26
X
7 10
76 53
65 62
20 58
X
80 47
71 70
17 5
X
X
X
1 97
98 78
35 92
50 62
18 59
X
47 60
X
X
X
81 48
X
X
10 93
91 92
58 54
X
8 50
X
22 13
X
15 91
X
X
X
X
11 33
X
24 6
5 51
X
80 30
X
5 55
65 65
X
50 7
91 16
20 62
X
96 89
78 35
X
X
X
35 19
15 34
20 73
2 49
97 57
55 5
51 34
X
44 90
0 98
57 51
X
X
2 59
27 90
4 94
13 23
X
X
X
X
5 90
42 10
54 63
X
X
10 68
36 50
31 86
15 10
53 61
85 51
17 17
X
38 37
5 97
61 85
39 21
90 63
69 53
X
30 15
X
X
25 53
22 95
83 26
X
13 59
X
X
45 40
30 43
X
76 24
X
26 73
X
92 22
56 42
61 26
0 50
60 29
X
13 40
X
X
8 96
X
X
X
X
X
51 51
X
X
68 98
X
55 46
41 92
X
X
50 79
X
71 32
X
9 67
4 69
X
X
24 94
65 69
23 47
X
X
18 28
90 46
X
X
43 37
X
X
96 49
18 65
X
28 91
90 65
X
77 17
X
X
81 86
81 85
8 40
X
X
37 87
X
3 27
77 89
28 58
X
X
33 18
X
13 61
72 47
80 92
13 16
X
X
53 45
X
X
42 5
X
X
10 67
70 95
X
X
39 51
80 65
X
3 30
37 66
43 59
12 46
X
X
25 30
44 48
90 76
1 27
X
59 38
16 92
X
X
84 65
X
X
73 35
55 82
X
5 87
X
X
47 70
6 98
X
95 78
63 38
74 53
98 68
X
X
50 48
32 41
42 95
X
43 53
X
65 48
12 1
X
30 37
6 26
40 60
39 44
X
X
77 69
86 37
53 18
X
38 68
98 71
40 77
X
85 35
X
X
86 18
X
X
X
48 31
36 73
X
81 96
57 34
98 51
X
X
15 77
X
35 63
X
62 93
54 38
44 58
34 95
68 80
6 94
X
94 83
X
44 96
X
X
X
89 62
X
43 62
36 62
X
15 71
27 21
X
X
80 22
76 78
X
14 69
15 27
X
X
X
X
27 78
X
X
47 7
X
57 73
28 83
X
X
X
19 57
X
61 77
X
0 95
52 6
92 70
4 76
94 92
28 50
X
82 31
65 90
83 86
24 95
44 54
X
X
X
70 32
X
18 5
65 49
X
11 54
X
X
46 64
X
X
81 66
X
55 79
67 55
56 52
17 7
86 3
41 48
X
X
67 45
0 69
76 71
94 37
9 60
93 78
17 54
X
72 89
67 57
56 33
40 23
19 71
X
X
X
X
4 71
39 97
63 35
X
35 49
