6 88
94 0
97 85
32 54
23 3
26 37
67 5
12 21
19 89
85 55
75 34
25 35
51 38
82 18
45 39
5 1
37 64
81 11
8 92
23 77
65 44
70 62
47 98
57 82
4 72
68 17
94 72
49 63
42 94
93 28
75 8
43 85
46 44
21 13
9 20
29 23
81 8
49 66
34 81
60 60
81 87
12 56
14 63
1 57
90 13
59 54
4 28
4 32
49 94
98 38
66 88
90 72
50 29
84 39
18 1
13 36
20 96
25 19
36 40
52 74
64 19
53 86
17 59
10 54
33 43
83 35
82 95
68 51
13 88
56 8
58 37
29 79
17 9
43 16
37 62
23 8
70 22
13 27
5 78
51 23
57 14
80 25
45 91
75 36
32 65
4 20
36 67
42 87
0 51
68 47
57 3
12 70
15 18
7 63
89 86
83 97
16 16
38 53
41 73
41 88
14 90
79 31
96 63
24 24
67 29
46 40
54 74
2 29
74 2
65 64
49 46
46 52
75 55
50 88
9 79
43 17
74 86
43 33
49 61
82 38
62 69
30 25
0 66
5 28
67 88
5 21
35 13
80 49
27 57
17 92
97 0
65 92
28 22
22 33
36 37
4 86
53 37
16 57
77 2
61 38
69 52
87 37
4 59
48 95
77 50
83 17
80 91
61 73
72 19
61 35
38 96
3 69
77 92
11 70
44 8
53 51
87 87
34 38
93 21
63 15
19 83
50 23
58 75
44 82
96 53
49 52
62 92
58 71
49 5
6 27
75 37
59 85
11 60
48 34
3 29
25 31
27 4
41 22
60 28
12 8
7 58
15 37
28 1
48 6
57 47
50 36
95 0
6 30
0 70
92 72
35 82
66 50
45 28
25 88
56 93
52 50
91 25
77 90
96 65
93 4
68 81
67 72
98 21
59 25
15 21
52 63
26 75
10 57
40 37
22 6
78 68
11 28
31 89
24 93
97 42
52 29
49 97
85 82
45 56
9 83
49 74
38 50
58 14
39 20
30 52
5 95
11 29
94 32
22 61
52 53
91 5
47 24
71 8
60 84
17 68
26 80
43 36
72 75
59 33
8 31
15 69
19 75
24 19
72 56
27 73
33 71
28 19
18 29
X
45 93
26 29
11 94
58 40
77 9
98 32
63 66
26 68
32 15
78 20
8 51
43 56
6 52
90 66
26 39
2 12
30 87
26 23
13 83
21 54
4 64
84 4
56 38
42 58
53 58
39 0
97 47
86 35
92 96
44 91
36 16
38 22
64 26
1 92
26 30
37 89
3 95
14 28
65 54
1 43
36 29
50 17
65 84
47 14
50 6
35 72
44 81
16 2
17 12
7 81
5 29
13 39
71 28
73 1
5 91
56 34
51 92
47 88
14 13
7 60
72 52
37 27
27 9
71 51
22 4
13 96
58 84
6 44
40 50
34 52
56 22
24 89
56 2
92 34
25 12
16 27
7 52
77 68
22 46
11 63
66 17
54 69
13 38
37 33
85 78
62 64
3 7
75 86
56 73
94 10
25 43
47 50
9 65
96 68
23 27
98 34
59 36
39 30
55 11
2 18
8 25
64 80
73 31
90 67
32 63
45 19
21 31
87 19
81 16
67 43
89 37
20 53
9 68
9 32
42 90
39 10
48 59
95 27
60 35
48 17
20 78
84 21
41 35
6 2
2 30
31 81
91 67
57 5
80 24
86 55
6 55
93 2
5 44
58 23
35 88
55 31
89 36
60 89
9 33
32 50
88 26
27 8
16 11
84 85
91 18
63 41
57 9
57 32
66 98
84 3
96 40
45 76
43 95
17 28
8 77
15 5
84 10
72 96
75 6
24 48
98 82
81 49
46 9
39 84
25 17
40 40
71 36
52 46
69 71
10 85
84 34
21 65
84 75
40 35
49 56
16 13
29 47
50 46
14 59
15 93
36 32
80 33
92 94
30 23
50 11
34 0
76 19
10 60
6 83
81 46
21 33
10 90
82 65
70 7
27 30
73 78
91 27
14 38
64 37
23 71
37 67
87 98
38 41
12 36
20 64
65 81
34 32
73 32
24 54
22 2
17 55
98 14
26 36
79 30
70 64
34 80
6 78
60 83
91 66
84 38
49 77
17 22
22 77
51 71
14 17
7 72
75 80
88 3
26 74
66 5
47 81
92 27
42 70
39 74
62 28
32 29
98 61
7 17
42 86
30 82
18 57
89 76
23 83
52 10
49 80
74 31
17 90
31 80
35 66
23 44
98 62
62 31
27 3
25 37
78 95
37 55
45 79
36 24
7 38
49 73
16 0
73 60
35 31
88 58
65 55
88 84
92 4
66 80
83 98
96 15
59 15
49 29
1 69
32 20
70 65
49 37
58 73
51 76
87 51
51 5
85 30
81 60
18 13
82 79
39 76
0 13
65 38
30 57
82 13
62 40
21 27
46 96
37 47
38 77
44 47
75 54
14 47
33 59
29 33
37 30
6 39
5 3
46 76
19 13
69 93
97 93
94 11
26 35
81 92
3 33
35 22
65 31
9 95
47 21
38 67
16 6
13 85
46 11
22 21
44 1
45 0
75 24
16 89
60 26
13 10
48 38
55 70
26 77
25 41
46 7
81 71
87 34
58 38
98 63
47 79
35 24
93 57
35 69
64 90
43 54
22 9
21 76
82 7
26 43
38 97
66 18
83 93
96 47
85 60
82 86
33 91
93 88
64 27
72 18
78 3
79 9
82 56
4 19
89 28
71 74
2 69
97 23
69 5
30 81
78 45
44 92
56 21
36 39
41 81
97 84
1 76
98 33
21 3
11 88
59 68
64 48
60 36
21 53
78 18
73 0
81 94
8 36
13 58
13 15
2 92
69 26
6 43
39 27
52 78
32 40
36 68
4 25
38 65
45 13
85 50
5 94
36 78
87 2
95 74
84 51
54 24
44 7
34 47
40 1
24 55
98 2
35 59
35 41
62 80
76 40
92 93
49 49
19 44
69 23
8 42
34 82
83 73
32 82
48 47
24 91
37 61
2 52
18 95
2 91
75 43
74 76
37 68
64 82
96 90
37 41
91 51
53 20
51 48
80 96
97 91
26 49
18 40
12 15
37 97
5 7
72 67
40 89
5 34
21 24
87 22
36 91
86 5
42 50
93 24
11 74
61 52
90 56
56 86
61 1
6 6
89 15
9 72
98 81
32 49
16 68
84 77
69 17
51 24
64 60
73 72
88 71
57 95
44 11
10 19
32 62
77 76
3 63
80 5
50 53
89 33
67 62
53 4
2 61
88 27
13 7
12 2
20 17
64 91
5 41
70 38
67 73
20 46
77 87
29 22
62 77
36 25
61 71
70 13
45 34
39 5
18 41
6 89
72 63
70 74
12 71
40 84
15 11
14 50
29 36
61 72
83 1
12 89
77 53
70 6
76 79
67 8
20 66
6 87
93 43
78 64
43 93
29 49
54 54
60 54
56 14
20 20
62 57
48 40
67 94
69 59
79 32
91 35
9 10
10 20
63 65
38 25
54 89
33 46
28 43
38 26
91 14
53 53
74 48
62 78
81 98
94 78
56 51
34 15
37 70
75 49
79 54
92 64
81 84
45 62
8 72
59 39
39 43
54 76
39 1
97 25
17 80
44 14
65 58
29 6
49 13
34 17
16 47
37 28
27 33
5 50
65 72
53 69
22 62
47 30
7 48
64 39
29 35
30 53
35 25
3 49
28 14
24 80
8 55
73 97
25 52
52 95
31 20
45 63
0 57
69 28
43 30
66 63
16 1
91 70
25 56
24 18
87 78
67 75
3 22
34 55
28 66
20 43
66 26
79 68
20 23
12 55
18 96
69 4
67 21
15 88
33 15
30 29
72 48
58 41
43 88
28 51
65 66
70 35
25 29
42 75
10 46
70 97
68 21
76 54
97 63
13 37
9 41
58 34
3 89
17 15
12 9
53 73
96 69
45 86
84 33
40 38
90 40
8 44
46 48
78 56
44 31
36 17
10 77
15 83
22 52
68 52
6 67
91 6
25 66
1 67
12 59
57 63
4 80
38 57
48 91
18 80
88 33
1 87
94 82
8 94
4 85
43 72
17 77
79 13
X
24 69
58 43
52 22
38 64
21 66
7 37
64 2
11 11
97 58
30 45
48 16
79 90
18 6
42 2
85 18
41 94
29 26
47 58
23 20
24 20
35 67
24 82
64 98
33 78
71 65
18 18
61 80
18 56
43 90
7 22
75 7
60 3
89 66
87 23
88 51
56 81
63 30
46 17
49 24
54 13
91 77
34 69
45 75
53 97
25 62
10 59
92 85
X
90 54
89 17
1 59
79 65
58 69
42 23
43 22
66 27
18 78
40 44
58 47
81 74
32 17
45 96
9 3
39 89
78 63
8 71
22 47
50 37
10 94
62 12
77 44
40 18
66 39
76 25
92 23
73 51
42 44
55 23
26 13
44 16
80 79
33 89
77 31
50 60
73 98
23 13
95 13
75 53
10 70
84 74
83 48
61 90
36 0
85 43
32 60
35 73
14 5
62 55
92 81
65 82
98 12
15 90
62 60
33 32
59 24
20 76
38 82
28 85
36 63
71 43
85 42
28 34
46 59
82 83
15 15
43 66
32 59
15 65
47 18
2 96
4 96
89 71
73 53
22 80
21 25
38 18
89 82
64 41
77 3
94 14
88 46
62 37
60 6
68 60
73 18
80 95
83 9
85 73
30 85
12 60
96 83
22 65
20 77
65 88
11 62
12 10
1 9
72 71
98 47
96 85
28 48
39 77
77 54
42 3
39 60
22 7
49 91
59 17
39 6
62 47
61 66
28 25
60 80
97 70
98 92
11 43
90 37
59 7
79 89
20 69
31 55
68 3
78 21
6 80
73 74
1 15
60 92
36 77
32 89
52 42
87 17
18 26
56 79
81 23
4 38
16 35
55 61
36 80
64 44
50 69
31 29
56 82
24 57
77 73
83 13
82 96
90 92
9 50
55 13
29 5
81 2
30 42
25 83
71 13
19 55
50 8
87 94
74 35
77 48
88 66
67 87
12 19
41 23
51 17
45 8
91 93
12 53
16 78
63 8
87 31
56 47
27 70
79 36
18 7
88 80
21 35
84 57
83 96
45 60
32 87
12 84
15 63
40 39
81 47
17 24
60 64
57 10
37 56
34 21
61 81
22 71
38 89
36 93
2 35
71 89
53 22
93 81
15 55
22 59
10 89
98 42
45 30
11 53
45 32
14 12
21 1
61 64
33 22
66 43
69 58
76 61
59 90
15 98
79 22
97 2
4 29
49 47
44 24
55 0
7 67
23 34
76 0
57 79
16 21
97 32
76 34
19 9
49 7
93 56
56 26
20 82
89 70
38 94
27 79
75 61
1 14
0 77
33 36
51 65
81 21
74 39
58 42
65 4
24 87
40 49
35 80
70 73
95 90
70 54
53 42
96 25
46 89
97 19
87 63
35 77
8 74
98 79
44 68
23 97
79 57
12 0
97 20
6 75
70 30
18 91
X
43 32
44 39
53 77
49 53
98 57
94 12
33 19
93 89
47 10
41 93
83 81
42 37
32 48
18 60
22 16
X
91 97
33 86
13 26
68 38
4 23
55 71
10 88
78 1
5 42
59 80
51 96
8 89
62 66
37 59
19 72
59 69
35 50
7 86
39 29
93 51
89 51
19 92
24 25
7 59
92 91
71 53
72 12
94 15
20 79
54 95
68 83
16 15
49 15
25 70
25 5
2 9
62 83
26 11
0 97
40 59
21 22
67 53
91 60
10 2
30 54
40 68
30 83
46 28
79 88
55 20
86 65
42 25
47 15
32 77
92 13
23 94
97 54
47 40
57 83
38 44
44 49
45 59
21 39
25 87
6 64
41 7
44 27
93 38
64 43
5 70
60 40
34 25
86 31
14 54
44 56
70 98
35 37
76 1
16 96
83 12
79 17
26 70
63 24
70 59
46 82
4 43
17 51
23 64
52 59
X
62 30
43 21
54 37
98 0
31 82
81 18
15 89
34 46
65 80
31 31
31 97
50 77
62 67
64 6
64 84
46 8
75 17
40 24
69 91
41 74
89 5
53 62
66 57
69 44
88 11
45 90
58 62
95 98
24 45
40 48
92 6
82 6
61 23
62 17
16 18
4 40
76 49
20 40
6 53
73 24
82 46
53 64
49 64
82 26
58 31
70 37
79 92
42 12
56 67
53 24
93 14
58 77
8 65
41 69
55 34
31 3
64 45
17 29
12 96
19 96
35 56
30 97
75 94
59 88
30 67
68 71
X
82 24
50 12
4 41
10 64
48 55
13 97
49 36
50 43
98 26
71 61
75 71
17 25
69 49
89 78
62 94
85 6
20 21
18 12
33 50
8 29
30 8
69 64
73 55
54 42
34 43
46 32
64 11
86 98
84 70
44 30
39 39
83 88
82 39
70 45
3 50
53 66
7 94
42 92
12 33
54 97
45 49
75 0
27 6
22 15
46 47
88 55
28 79
42 79
26 86
57 86
41 85
60 91
27 31
23 65
71 58
81 13
48 58
58 74
7 75
X
71 73
9 34
95 71
58 18
4 35
88 42
63 45
5 47
17 3
66 85
25 47
21 41
28 59
43 3
65 50
10 33
77 35
39 26
51 53
45 46
51 30
42 84
12 20
43 74
57 26
72 3
77 34
37 22
67 48
95 28
1 88
48 67
9 47
84 9
8 56
17 23
46 93
96 21
83 62
88 4
4 9
98 44
26 53
97 80
89 75
83 34
23 23
95 12
71 81
64 71
72 13
33 28
54 79
5 67
37 1
35 84
58 53
8 78
35 43
67 60
60 18
72 29
9 26
84 40
26 4
56 71
24 22
80 20
43 73
54 12
6 63
93 34
33 52
1 98
45 48
49 4
3 72
53 91
54 96
13 18
82 57
21 52
5 40
17 52
15 2
7 70
12 62
43 18
8 34
37 57
37 31
97 22
54 41
70 3
4 42
59 75
86 43
9 82
59 29
79 12
83 24
12 39
63 80
91 56
63 77
30 22
57 29
47 77
32 13
12 92
X
5 43
42 48
30 36
21 73
5 68
84 20
39 23
83 59
18 98
28 71
73 46
58 92
46 35
54 11
37 78
30 14
0 87
7 36
54 27
21 30
5 19
73 19
82 8
59 84
37 12
57 61
88 18
84 6
89 14
12 17
94 35
22 70
12 22
34 64
90 82
68 40
55 56
78 89
62 79
70 67
71 31
29 89
27 45
94 21
44 34
29 48
33 80
11 15
48 21
17 71
81 97
24 74
38 80
19 74
5 89
46 37
25 42
94 76
37 23
54 44
46 77
55 1
62 46
67 31
94 22
X
43 47
92 51
11 55
48 69
3 96
58 2
51 7
83 78
61 94
51 90
72 93
23 93
93 20
53 87
28 41
89 58
55 76
58 39
30 79
37 90
74 41
18 64
74 56
58 96
42 14
19 14
95 40
80 12
49 93
10 18
X
77 14
2 90
31 22
19 21
67 71
64 10
41 60
79 70
65 94
50 24
26 91
91 69
49 76
30 40
79 47
31 70
63 40
43 89
75 40
86 88
67 30
54 62
37 13
31 79
95 10
13 28
48 66
45 12
43 87
45 11
27 44
55 33
92 95
31 36
93 37
37 91
9 93
28 73
18 82
29 28
41 59
86 34
72 21
32 38
84 64
26 20
23 73
94 29
27 67
86 38
49 54
88 12
81 9
2 38
38 76
24 43
27 23
19 41
62 56
1 91
47 73
45 33
52 44
1 18
47 61
76 88
34 57
3 16
23 40
94 64
87 74
51 61
76 91
70 92
76 16
8 97
36 44
52 77
13 46
71 35
3 24
53 60
96 19
54 2
17 19
36 66
29 19
8 68
97 7
62 11
13 9
35 89
21 79
37 79
17 70
86 56
56 12
78 33
92 16
87 5
91 0
90 14
86 8
55 44
75 22
35 36
48 11
31 0
10 74
6 68
36 27
14 25
49 60
7 12
76 55
8 2
42 93
45 15
14 62
98 7
7 84
30 5
11 89
45 54
22 31
78 71
82 82
54 91
43 70
36 23
38 6
76 51
94 73
73 20
59 95
63 93
3 9
9 6
24 85
88 22
14 48
36 71
29 3
47 23
34 20
94 39
4 60
35 46
57 93
38 36
88 49
59 76
55 16
83 19
44 20
16 51
78 96
21 82
70 49
10 14
73 76
60 59
61 41
12 37
90 16
50 33
4 15
19 23
96 14
75 93
0 59
1 95
93 59
76 70
11 39
16 40
98 10
8 17
37 98
4 61
40 74
13 95
62 81
83 49
71 2
61 60
59 47
87 29
77 84
19 54
8 45
88 54
2 66
24 81
90 50
45 92
10 48
48 30
69 7
78 70
26 24
64 25
97 39
72 53
87 81
63 16
13 63
25 32
8 27
26 47
5 17
91 71
61 37
71 93
51 55
10 36
39 14
58 3
32 6
47 1
19 76
59 22
25 57
27 43
2 67
82 70
82 2
0 9
10 76
72 74
35 51
67 38
81 73
57 74
66 3
2 54
71 48
82 78
57 27
35 26
23 28
12 47
48 33
93 54
91 46
46 91
65 43
83 10
85 72
78 4
78 24
47 47
6 95
8 14
51 3
32 26
64 76
48 42
96 3
22 8
4 74
38 13
26 79
97 12
40 73
64 62
32 94
28 53
77 41
89 39
75 98
52 8
60 57
45 22
18 54
79 73
28 27
13 76
33 55
91 62
80 86
33 93
18 0
81 3
38 11
20 93
27 15
33 25
67 83
86 82
2 58
83 39
65 47
88 14
4 4
16 66
62 89
3 86
35 95
43 6
92 21
65 60
86 23
63 28
65 19
44 97
25 93
22 92
63 52
96 74
85 59
77 46
5 9
57 69
74 34
90 94
49 59
73 52
38 92
7 18
83 89
87 13
13 8
72 73
90 59
67 9
16 88
95 56
37 15
95 53
93 66
24 76
63 49
60 39
83 3
48 44
3 31
94 7
57 37
80 36
9 2
33 48
18 93
69 21
53 0
20 4
57 64
57 20
13 50
48 82
23 33
64 12
68 55
19 51
77 30
36 58
17 81
86 86
35 79
33 92
85 68
24 42
2 57
53 81
17 41
77 70
10 82
15 3
21 74
27 77
76 80
60 2
27 65
53 93
29 76
95 87
23 45
1 52
47 64
8 19
91 91
79 11
40 85
57 25
45 85
36 87
39 35
66 65
54 26
90 43
85 31
84 66
40 34
25 46
89 57
16 9
97 71
83 63
15 92
61 27
63 82
6 82
29 20
47 87
35 48
13 48
38 16
47 71
43 63
40 22
95 93
16 12
9 70
63 56
67 4
85 53
34 23
26 82
29 56
10 10
61 2
70 47
2 50
48 97
10 26
55 48
88 94
43 24
10 27
46 12
35 14
37 35
11 37
28 64
70 81
1 90
55 22
94 3
13 20
39 59
69 94
30 66
21 61
19 18
32 55
86 40
80 70
24 29
82 51
44 5
14 73
90 98
29 72
30 19
24 86
88 52
1 96
0 81
61 48
50 40
41 20
69 78
76 58
65 41
85 81
46 43
54 28
79 59
54 5
19 33
84 82
41 84
22 5
93 77
48 65
84 88
33 65
5 27
22 10
51 6
73 39
94 60
61 59
48 48
29 24
57 22
86 29
46 60
44 76
87 54
59 61
16 24
94 80
10 87
70 68
22 17
29 46
68 78
42 96
38 48
1 44
3 97
77 72
96 81
23 24
3 90
26 60
83 46
71 92
30 75
89 12
91 73
5 30
97 95
5 16
55 69
92 89
14 93
82 89
55 49
90 60
14 76
44 18
11 34
X
89 43
34 24
28 33
16 41
65 59
86 13
71 55
46 31
34 48
43 7
20 3
71 71
34 92
24 15
98 17
60 27
15 86
91 7
22 22
17 1
66 8
84 13
55 91
68 22
36 85
97 51
74 89
61 49
42 57
23 55
6 86
5 48
90 42
12 74
71 47
33 79
33 21
68 87
2 72
11 23
30 74
36 81
77 63
9 14
42 77
47 43
91 55
74 93
89 45
98 49
69 98
26 18
2 82
69 20
31 33
1 55
22 54
85 76
52 17
5 65
16 74
87 28
83 56
53 27
12 72
81 24
7 6
23 81
45 26
39 58
50 34
70 52
27 40
50 3
77 38
94 69
30 46
18 72
86 81
20 83
48 41
2 33
91 86
81 69
52 35
66 94
35 58
23 42
96 27
38 52
24 33
23 69
84 95
8 26
50 18
35 93
32 18
42 43
10 13
90 93
6 22
62 23
16 55
92 66
98 96
75 64
57 11
72 42
7 71
43 57
69 92
13 75
22 32
75 31
7 97
59 72
63 17
27 76
44 75
10 12
12 65
12 73
65 63
96 95
9 94
39 67
77 10
12 30
57 41
3 85
42 13
24 28
28 32
62 76
50 75
3 66
53 67
17 10
12 93
60 78
47 82
90 31
16 79
87 76
84 84
57 68
23 70
69 63
91 38
56 0
78 72
16 84
39 95
87 67
61 67
70 26
45 71
28 68
69 79
59 53
5 6
89 49
83 33
89 31
4 65
23 21
29 55
5 60
81 36
17 4
40 76
28 18
44 87
86 9
22 20
94 13
15 9
62 65
35 65
5 39
24 16
78 75
66 62
58 91
87 41
22 29
2 98
29 43
29 67
24 61
19 16
73 13
72 87
53 3
34 45
85 19
11 48
89 69
20 45
43 60
16 53
23 96
8 13
39 85
16 73
14 14
77 81
7 35
9 58
59 2
30 77
88 57
67 76
42 81
37 51
14 61
20 28
96 9
75 78
36 70
63 81
90 55
61 17
59 86
4 7
43 79
36 43
13 81
22 96
15 42
89 81
95 9
33 23
65 52
54 15
11 87
39 52
63 44
75 88
67 17
68 30
29 78
9 76
6 47
53 43
23 25
28 5
96 76
85 5
82 15
96 38
48 72
25 80
14 39
13 98
86 24
6 61
8 80
62 50
54 75
74 25
65 9
28 2
5 15
0 21
89 22
35 75
34 74
52 76
34 91
15 48
66 19
27 46
96 48
6 16
85 37
27 27
14 26
71 64
23 80
94 43
62 41
52 20
29 25
69 9
16 64
25 38
61 8
58 60
34 13
34 26
73 54
80 14
14 94
78 36
11 82
81 29
73 50
48 53
43 50
26 97
27 87
28 7
96 94
66 46
49 85
63 42
49 58
61 28
79 58
52 48
84 5
12 34
66 71
82 5
15 74
61 62
48 62
14 80
33 45
6 77
32 45
31 16
74 10
78 67
94 28
18 14
81 95
0 82
85 83
45 35
90 1
85 38
47 41
59 52
50 4
80 4
41 68
88 90
50 70
62 91
6 37
69 60
20 29
32 37
8 75
57 4
86 6
97 66
84 12
90 52
60 68
66 91
97 72
41 24
2 51
60 62
67 23
61 78
88 63
10 49
88 25
47 34
27 47
94 81
22 79
82 92
52 62
21 85
74 0
74 37
17 57
13 29
5 96
36 83
85 9
70 48
44 94
96 72
10 42
20 59
26 10
13 19
76 64
8 66
45 87
4 24
15 14
19 10
44 55
44 80
78 60
5 93
67 84
98 16
12 75
55 90
41 26
15 39
0 56
64 57
89 13
81 89
96 56
48 52
55 21
83 23
4 88
34 68
61 24
38 78
30 48
66 70
29 57
22 60
66 53
87 73
74 82
90 97
9 21
57 75
76 86
83 20
48 64
88 24
10 83
28 44
13 93
91 83
28 70
16 4
42 85
73 33
29 10
85 17
74 38
98 24
65 71
96 93
19 65
82 84
89 0
37 84
48 20
32 24
69 51
31 90
68 79
25 3
68 88
57 54
47 46
70 29
26 81
11 14
25 78
40 82
96 70
69 62
53 39
87 79
35 64
66 48
46 71
9 71
78 34
79 34
64 29
46 75
70 72
97 96
0 65
75 1
69 56
47 20
72 45
44 59
68 25
21 9
51 60
46 29
15 76
28 76
22 48
6 3
46 49
43 13
51 19
41 76
49 21
54 31
69 73
96 10
66 2
54 22
28 31
77 55
28 84
91 54
14 65
26 15
5 82
31 45
89 6
50 5
94 36
4 11
41 89
78 50
2 48
63 72
46 20
95 83
75 85
69 39
96 77
3 35
16 10
67 78
89 54
84 83
40 75
93 92
15 80
90 5
55 26
33 70
85 70
25 86
72 39
74 72
14 68
73 21
70 24
78 88
58 76
35 15
69 2
91 85
49 79
36 28
80 21
29 83
8 16
60 16
4 10
51 68
91 33
59 6
1 51
32 1
11 25
43 29
98 43
38 35
38 61
31 8
14 58
28 29
26 45
36 79
34 77
77 15
28 30
4 95
13 24
47 96
68 61
43 84
39 87
14 24
69 6
25 24
18 89
6 49
85 92
49 38
95 30
86 11
38 49
59 87
39 2
13 60
63 61
8 21
X
88 31
87 86
46 55
89 41
60 48
36 65
42 9
23 22
61 25
97 4
16 29
39 72
48 70
50 80
56 78
9 23
74 20
71 49
21 59
60 81
73 2
51 33
76 42
59 79
58 63
13 41
1 0
48 73
80 89
58 81
31 69
17 88
44 65
60 55
51 9
42 21
96 42
65 83
52 65
X
76 43
95 2
73 94
70 96
10 98
64 85
25 59
59 59
46 38
57 6
75 92
6 19
85 11
7 8
40 20
10 24
73 88
82 10
48 37
47 16
70 61
29 80
87 20
16 69
66 73
28 45
65 6
39 18
8 48
70 10
37 50
78 78
83 91
19 59
68 76
74 17
2 47
70 12
98 13
84 81
46 94
56 45
78 37
83 29
8 20
38 21
78 53
24 37
3 84
4 66
11 68
79 82
72 37
45 25
62 36
0 67
6 35
77 62
94 58
9 45
37 52
79 20
78 19
83 69
36 26
50 49
69 29
20 65
86 74
85 13
50 52
20 8
39 15
29 39
65 37
60 90
87 77
74 55
83 60
49 65
93 93
40 83
68 56
59 48
77 88
15 70
39 80
44 0
12 86
4 2
6 9
27 61
47 92
12 42
33 62
77 40
85 65
18 55
60 66
14 33
18 8
0 52
22 91
96 96
93 31
81 44
53 95
58 83
54 59
80 32
21 69
47 12
98 29
26 6
28 46
37 17
43 61
93 74
96 39
19 8
26 54
55 41
95 32
53 1
61 9
36 94
7 77
74 16
26 61
4 5
72 20
38 90
44 78
2 32
69 80
55 27
28 17
68 84
51 95
27 53
35 94
1 23
3 57
35 86
54 80
35 7
93 29
49 23
88 67
35 11
50 91
21 56
39 63
95 6
95 61
66 30
80 97
49 18
7 3
2 70
95 81
80 61
89 23
40 55
29 31
98 46
48 18
25 77
42 82
22 97
22 18
48 88
98 66
71 76
22 12
20 75
33 42
96 75
87 95
48 14
61 15
3 94
34 85
29 77
29 29
3 88
15 94
57 52
11 64
67 42
10 34
15 58
13 54
94 62
8 70
22 19
50 58
67 52
50 66
19 7
7 92
62 74
80 28
25 34
7 79
92 28
59 41
37 19
20 32
93 13
93 71
45 1
88 70
52 64
45 81
8 39
69 38
78 13
38 20
46 30
71 30
24 50
77 79
25 48
83 80
63 91
37 85
37 63
73 63
58 22
7 39
30 80
3 18
87 45
95 24
36 19
82 23
58 78
93 90
59 18
5 49
80 66
36 95
X
29 18
20 25
17 74
37 7
9 15
79 66
90 21
79 62
96 24
38 63
41 82
22 23
27 42
78 10
67 10
54 94
72 25
41 46
49 87
56 46
36 69
90 25
39 88
28 13
46 81
52 81
29 84
24 11
17 72
8 63
32 42
68 95
51 52
21 55
75 82
41 19
81 33
12 63
33 20
28 10
90 86
70 55
95 68
29 45
14 96
67 47
36 14
32 81
41 15
35 23
72 69
65 11
53 19
97 26
66 95
23 53
25 11
23 79
59 16
48 32
11 75
65 70
34 11
43 15
6 34
49 27
53 25
79 7
23 19
5 84
8 82
82 12
76 67
95 62
11 83
96 28
35 18
7 46
5 98
11 12
88 93
65 42
63 70
15 82
55 80
22 93
15 68
14 3
64 86
88 82
72 59
28 16
56 98
85 63
36 57
17 34
36 92
0 72
41 78
1 13
69 46
4 89
79 55
93 5
87 93
75 50
73 3
7 50
72 38
57 72
15 56
95 82
77 16
25 54
31 38
62 7
24 70
73 36
58 64
77 32
41 87
61 54
62 26
63 79
59 63
63 43
37 93
84 32
6 66
50 57
14 52
41 3
81 91
13 78
94 91
76 73
68 94
49 19
54 82
31 56
82 75
59 67
68 62
98 1
36 22
57 87
5 63
75 38
31 6
13 94
73 22
2 81
68 37
10 41
60 72
21 11
14 8
66 74
38 83
70 27
91 96
39 22
38 29
45 10
3 83
28 8
80 75
67 61
9 48
25 6
21 78
78 69
9 37
56 43
46 88
25 25
83 18
35 70
82 49
49 22
15 59
72 27
9 43
33 94
23 30
10 97
84 37
67 89
2 19
64 5
59 57
95 59
5 18
85 74
27 81
11 36
38 45
42 61
56 55
25 40
15 79
7 14
5 56
77 85
37 16
69 30
4 97
85 84
24 83
16 5
76 84
23 68
32 70
70 41
55 15
44 84
46 4
9 18
79 71
85 77
95 63
97 36
15 4
31 68
55 83
59 10
6 13
52 38
28 62
14 49
32 23
23 5
12 44
51 70
22 39
36 31
91 24
59 46
50 92
28 60
36 74
67 32
18 90
1 61
14 97
54 3
7 90
4 81
70 14
10 35
38 62
93 53
X
20 2
1 12
43 48
88 95
19 15
11 66
15 26
82 0
31 66
24 21
30 24
32 46
6 36
79 16
30 90
71 38
7 5
55 54
92 57
83 28
95 44
X
71 57
47 51
20 10
36 36
27 49
78 90
60 76
63 92
38 84
7 61
14 36
31 1
15 95
57 78
2 46
91 41
59 28
44 42
42 74
47 33
93 62
45 44
8 76
91 82
64 17
80 55
92 88
70 21
80 59
24 68
39 16
31 42
59 65
76 75
71 90
36 82
4 54
53 16
59 11
9 49
7 23
10 40
23 59
73 4
44 22
75 87
74 32
25 4
30 9
66 24
45 94
35 47
83 77
63 18
1 46
27 7
17 33
84 22
85 44
92 67
30 31
30 34
1 30
83 2
93 30
61 40
97 56
91 37
78 66
40 13
75 29
23 26
14 29
92 14
33 49
42 11
75 75
63 9
30 17
17 60
71 1
42 60
40 6
22 66
8 35
90 75
7 68
51 56
0 86
40 78
13 44
78 92
26 31
94 5
7 85
32 98
71 95
89 35
84 16
49 44
47 9
27 80
42 80
32 86
91 74
88 50
32 93
78 28
79 79
91 45
97 69
3 71
98 9
49 81
36 46
2 73
6 5
92 56
85 79
92 62
35 42
43 64
82 22
3 52
18 34
18 53
20 16
95 43
43 8
20 13
24 56
96 78
15 38
4 73
56 62
74 51
68 39
12 97
26 22
8 85
50 41
33 27
2 23
23 60
3 92
83 82
1 77
36 33
37 65
77 61
46 15
5 14
71 63
4 55
36 47
23 61
47 13
43 86
73 89
30 94
74 9
10 61
81 53
40 69
77 52
12 35
4 1
54 56
50 39
X
24 97
6 45
55 39
77 37
91 12
78 58
83 25
41 8
90 12
2 1
35 85
50 38
26 87
83 50
83 84
2 97
74 3
14 11
74 71
56 7
90 85
52 54
4 78
74 4
47 95
12 43
67 25
28 69
50 28
41 83
80 8
38 30
95 96
41 2
57 21
23 84
1 85
72 50
77 77
30 89
80 48
84 18
0 11
49 35
5 4
18 97
14 77
47 80
54 53
4 77
49 42
44 69
66 33
84 35
4 44
78 11
28 4
7 53
49 17
43 20
61 56
6 24
79 64
44 33
34 62
23 31
66 41
20 97
58 10
75 45
16 56
77 60
42 45
62 90
79 83
24 77
56 23
19 25
89 25
97 34
71 42
1 86
88 64
34 51
7 29
46 65
59 78
95 29
29 65
32 34
11 30
79 0
82 94
57 96
19 70
6 41
63 11
25 76
67 24
50 96
51 43
65 7
12 64
53 79
19 40
18 43
81 75
74 79
52 49
23 17
22 87
13 45
68 91
2 89
54 45
16 42
72 58
8 11
56 91
74 80
13 72
26 62
88 89
15 13
5 69
82 81
27 20
98 65
65 73
89 96
37 82
69 89
78 9
64 40
11 24
53 84
34 87
22 67
2 87
9 96
93 63
65 51
85 91
89 63
42 67
41 1
10 47
91 30
41 65
82 50
75 76
60 37
74 29
96 62
19 90
47 63
93 35
35 28
35 81
98 53
71 24
96 13
13 84
50 59
41 43
63 27
98 54
52 4
57 40
83 70
49 67
2 60
7 33
24 98
38 60
43 23
12 11
12 77
17 98
25 45
45 47
39 83
22 43
45 95
81 26
87 6
61 46
26 46
63 36
83 4
16 76
53 40
29 21
66 60
X
40 52
63 54
25 81
89 77
97 68
48 19
93 70
16 34
16 3
66 52
71 54
26 38
37 6
25 23
24 72
56 68
83 79
3 45
46 36
43 83
67 2
48 12
10 1
17 26
14 55
89 24
45 78
19 53
50 13
25 36
35 45
39 36
82 55
20 71
18 73
97 38
0 20
29 8
59 37
89 44
67 40
88 96
98 91
23 39
X
22 98
29 44
73 56
20 98
60 23
41 79
81 31
1 81
86 36
3 81
6 81
62 49
22 34
15 35
80 88
74 98
80 29
86 80
76 85
34 56
20 57
95 85
72 43
19 45
61 70
18 15
0 64
48 74
19 79
7 91
55 25
23 18
85 54
38 32
48 57
61 16
3 19
29 30
95 25
3 38
2 45
27 29
59 70
57 44
41 41
78 83
66 92
72 54
54 87
50 2
50 74
52 34
80 71
18 92
63 64
59 73
57 45
95 58
21 4
44 40
12 49
94 89
7 19
32 16
38 47
63 78
70 89
30 2
80 69
57 71
94 34
80 44
26 9
24 92
15 49
86 63
19 67
10 58
42 69
11 58
69 32
43 39
27 59
22 68
63 84
97 3
10 63
X
23 16
10 69
92 43
12 78
37 34
39 92
X
70 90
39 37
72 8
75 79
47 35
31 50
48 8
78 32
15 47
88 91
95 4
25 61
71 72
51 77
93 11
52 30
38 74
32 85
76 30
17 61
67 50
19 42
21 45
29 66
84 67
30 41
8 5
93 76
38 95
24 32
41 40
83 65
35 8
98 69
51 27
92 39
58 24
35 29
65 39
12 12
47 42
10 56
52 7
76 22
31 19
57 98
97 83
38 85
50 65
0 76
81 88
13 11
57 7
11 17
46 79
72 86
22 53
37 42
69 3
79 94
10 16
X
23 36
51 69
7 78
18 21
39 91
47 93
76 15
41 44
7 15
76 38
81 90
62 15
55 73
77 33
79 28
86 85
90 57
47 85
84 60
98 86
25 18
54 48
49 45
23 57
2 11
24 30
64 47
97 53
47 94
25 72
30 47
79 86
23 6
14 4
91 21
16 28
6 96
29 32
69 37
89 91
75 13
88 8
46 14
65 95
95 75
57 65
16 22
82 67
87 24
32 47
5 32
68 44
45 7
77 20
9 59
79 44
55 87
90 61
2 80
75 48
92 69
11 41
70 43
84 94
66 56
91 72
73 14
66 59
44 88
95 26
92 55
29 82
40 87
80 63
98 18
77 65
83 16
46 63
42 88
47 97
2 77
67 98
62 24
25 20
89 8
55 62
53 23
82 97
39 61
60 67
63 57
90 41
48 79
33 7
93 3
50 55
47 76
87 56
29 85
42 15
95 31
3 28
9 92
76 92
67 96
27 62
45 5
96 92
43 77
42 91
0 58
84 19
24 34
57 55
59 94
39 56
1 35
58 68
49 78
27 12
36 20
34 40
80 23
57 53
40 46
86 22
72 36
29 9
26 33
85 66
24 67
24 52
66 36
7 9
45 51
X
9 87
95 1
45 20
40 0
91 19
47 19
63 37
75 77
66 61
51 20
70 63
68 12
11 26
93 7
44 17
93 15
12 85
90 53
28 75
47 72
6 15
91 94
8 90
57 31
72 22
94 53
33 31
35 83
98 89
86 15
16 59
55 36
4 93
85 41
69 24
84 59
76 60
61 84
47 78
71 50
82 33
74 30
7 11
73 49
23 76
10 91
20 67
75 63
17 13
36 38
32 39
23 52
67 46
48 81
71 12
63 86
34 31
11 93
91 43
20 38
76 59
1 66
71 94
3 23
95 15
54 18
39 46
89 56
3 93
15 51
49 89
82 68
37 21
16 33
48 63
52 57
59 81
69 36
31 34
14 71
79 50
69 66
53 50
3 58
94 23
40 45
51 40
44 29
68 26
83 8
26 26
92 30
56 36
97 41
16 70
76 12
15 87
54 88
89 32
55 24
56 57
23 12
13 91
66 42
3 10
48 75
39 62
37 45
51 74
27 28
14 2
25 68
32 21
74 19
X
53 36
38 71
85 22
48 96
68 96
40 57
66 58
52 90
81 58
26 42
72 70
7 26
59 45
48 29
92 63
96 33
2 24
81 22
89 26
5 22
3 98
40 42
45 68
68 90
11 85
53 48
59 64
33 33
83 64
42 1
86 20
57 84
78 12
80 76
74 96
8 86
1 73
86 10
58 67
66 90
10 8
51 59
51 10
9 39
24 23
1 47
0 48
44 53
63 29
71 80
5 86
53 89
27 68
23 56
80 68
82 1
48 71
31 60
69 25
32 71
80 94
16 91
55 94
75 57
91 23
77 12
80 15
87 33
66 10
18 9
21 92
11 21
64 94
51 63
77 98
68 75
24 88
26 59
43 91
9 55
48 24
53 41
86 46
50 78
50 56
7 66
88 7
83 47
54 4
39 79
22 94
74 23
X
90 77
86 78
8 83
9 98
80 98
36 56
X
74 62
90 45
27 2
68 89
60 41
73 26
4 67
13 64
28 20
83 14
9 90
24 38
12 23
0 93
21 42
8 32
40 2
33 37
18 33
89 74
41 66
15 84
8 9
73 79
86 52
75 73
96 41
2 25
40 67
73 45
14 78
26 21
21 77
42 16
63 23
78 87
13 25
34 49
97 10
46 58
71 33
15 12
38 73
42 6
85 56
87 42
40 32
67 59
58 17
12 41
67 58
36 48
89 90
48 51
18 88
9 38
49 68
44 93
6 33
45 67
34 39
65 33
23 11
46 16
17 18
15 19
75 62
53 26
81 72
85 86
8 95
80 77
65 12
6 71
68 70
47 8
43 78
92 86
57 24
79 40
98 95
38 56
33 24
89 67
78 8
7 88
74 6
55 59
35 27
56 84
41 14
43 68
44 63
82 40
92 20
61 76
77 80
94 20
9 35
82 53
96 54
57 94
20 92
10 72
8 79
20 33
11 10
4 56
7 87
12 13
23 74
68 32
98 84
50 50
21 19
77 4
91 84
46 45
87 64
74 70
47 36
2 13
1 24
72 0
54 77
23 54
31 47
6 28
95 38
26 64
16 60
38 34
59 60
88 36
18 44
9 69
55 47
26 8
93 6
82 32
21 57
94 56
50 19
4 84
84 14
67 16
54 72
73 29
27 22
78 93
37 58
93 42
43 55
98 67
5 13
85 75
96 59
X
34 71
64 8
79 63
14 92
4 83
41 47
91 57
48 13
64 56
32 51
3 15
26 48
63 71
3 74
40 3
95 69
39 47
65 18
83 85
11 35
95 3
10 15
17 8
73 44
19 58
41 13
34 63
82 58
66 86
12 28
21 64
12 61
8 37
74 84
89 46
25 27
24 46
34 89
69 67
91 58
X
44 32
59 27
55 63
3 5
0 46
7 47
93 60
66 22
34 36
45 27
58 66
47 44
11 90
91 36
45 31
69 48
38 17
72 9
25 55
6 46
36 51
66 20
56 54
94 63
10 23
23 38
78 52
34 28
5 8
48 89
76 14
39 48
43 25
46 39
97 46
98 70
72 65
6 59
58 79
14 74
77 75
86 19
35 71
71 44
20 52
0 63
19 5
30 18
16 77
12 68
54 49
65 29
78 85
84 52
9 16
14 9
15 60
30 6
32 74
23 43
9 91
53 76
32 80
39 49
0 55
56 90
87 0
95 45
67 44
41 11
76 13
40 95
17 35
85 28
21 20
11 27
6 48
4 30
89 42
46 66
1 53
19 60
84 92
10 45
76 2
73 8
54 47
96 51
11 45
27 52
2 28
27 1
50 42
84 28
55 77
62 16
47 55
21 68
70 70
11 16
9 9
51 81
42 59
5 83
72 88
25 22
88 23
83 74
98 40
6 11
23 95
46 5
52 39
90 32
93 94
75 60
7 98
67 91
92 12
82 87
74 40
27 11
69 82
34 18
49 34
14 66
81 78
15 40
3 64
92 44
73 87
57 85
16 71
20 34
15 78
58 94
48 90
9 84
26 67
11 40
4 16
14 57
68 92
88 88
2 83
31 87
87 1
91 65
5 53
72 26
47 69
34 72
70 56
72 7
50 76
72 4
10 29
52 96
1 56
35 9
17 11
80 13
47 32
50 61
55 55
24 44
8 81
4 6
13 17
68 49
89 38
72 51
69 57
32 32
18 63
14 56
91 39
57 81
17 42
7 1
20 7
90 36
57 12
58 56
60 47
75 16
35 33
60 33
65 34
72 49
62 8
71 37
55 51
94 6
66 76
35 68
62 61
58 95
37 0
89 64
18 68
9 85
7 30
53 83
57 92
88 15
59 89
77 93
16 48
38 19
35 76
13 74
79 4
61 57
26 66
92 42
2 76
41 12
90 69
91 13
18 3
91 95
58 61
82 93
19 93
8 7
8 53
43 9
0 45
5 85
57 59
58 98
76 83
80 67
3 59
72 61
56 65
94 74
16 90
90 95
32 75
71 78
53 44
34 34
89 1
3 34
44 28
11 49
47 31
71 9
97 13
10 39
79 21
53 52
19 64
19 20
98 41
37 48
87 53
85 85
77 1
44 95
83 22
49 88
19 77
44 9
20 60
65 87
58 52
48 86
76 29
X
81 0
58 15
69 35
80 11
16 49
85 98
41 27
20 18
56 41
28 52
39 32
43 69
76 56
77 59
25 97
28 61
96 43
20 51
70 82
14 84
15 52
93 39
74 88
36 76
39 31
1 65
38 59
37 14
54 71
60 70
71 77
5 2
22 64
41 96
34 19
52 72
51 73
53 90
28 81
80 34
2 64
37 29
50 68
81 19
5 58
16 7
85 29
96 82
31 18
70 9
52 47
73 93
88 17
23 32
29 52
65 40
71 27
16 25
12 29
3 70
46 1
57 2
55 43
44 89
11 13
41 56
19 17
22 40
7 65
96 29
26 52
67 37
72 2
7 56
66 84
8 88
80 31
9 51
43 35
19 95
49 71
54 20
29 91
97 15
56 44
14 60
46 56
73 71
79 1
85 61
82 52
52 61
87 9
37 11
61 55
22 57
34 35
35 74
24 17
38 91
18 25
97 65
75 23
42 18
37 96
41 36
3 25
21 23
43 80
3 55
6 10
38 86
45 29
11 97
24 41
95 97
65 96
43 58
9 17
53 96
21 97
48 87
93 73
90 23
11 42
57 91
23 29
87 82
34 86
42 89
56 80
68 77
85 7
84 91
5 38
20 39
82 77
16 61
48 36
33 51
10 9
45 17
54 61
11 65
84 87
82 21
92 60
87 70
59 82
20 22
74 59
55 60
21 95
18 52
25 33
52 9
98 4
74 85
64 78
63 55
43 96
13 13
44 6
29 51
94 38
58 55
20 9
41 17
37 95
51 39
65 5
71 10
79 45
7 40
78 17
95 49
56 11
9 11
42 42
46 41
35 57
32 0
9 81
34 37
81 45
97 62
50 20
46 42
62 48
64 28
92 40
25 49
85 32
21 38
X
52 2
79 56
60 25
42 66
82 66
48 68
53 57
75 10
94 31
15 54
14 91
43 10
71 79
86 32
12 82
80 58
12 76
54 85
72 10
56 60
86 60
22 38
24 13
9 40
17 48
79 3
26 84
98 35
73 81
57 76
24 60
15 17
5 71
53 72
14 87
66 72
31 21
50 51
24 31
42 56
5 59
93 12
84 68
6 72
54 57
96 31
56 72
19 34
76 62
84 29
79 95
33 35
42 22
87 4
44 15
63 10
43 5
54 43
26 3
34 78
45 66
38 81
63 48
16 80
15 22
86 2
12 83
64 64
46 61
77 22
45 61
55 58
79 29
20 54
28 86
91 50
22 74
84 17
30 35
6 4
88 98
29 73
19 56
60 74
74 43
48 2
70 36
57 56
78 46
61 69
97 81
26 44
87 15
27 10
81 68
87 50
31 75
14 15
73 70
26 90
73 75
66 28
66 64
89 97
52 75
17 27
79 37
44 61
33 29
27 48
21 67
86 79
30 55
35 40
90 91
46 46
31 41
93 80
49 96
50 85
48 7
95 36
52 89
3 56
35 91
76 81
46 51
14 81
30 32
62 27
58 90
49 75
59 56
33 75
16 93
23 41
51 49
39 66
X
91 40
76 72
3 6
0 60
19 91
14 20
38 28
50 87
84 56
41 49
7 49
42 76
76 65
1 45
63 1
94 33
82 9
75 32
57 43
2 94
6 79
21 63
65 10
54 52
49 16
32 88
90 38
23 91
57 60
89 34
93 16
53 29
42 65
79 69
56 63
65 61
74 73
55 2
96 46
4 82
83 21
54 60
33 69
65 86
88 81
84 76
92 59
52 40
5 11
62 35
0 10
75 65
83 5
22 75
14 21
1 10
49 33
45 45
43 14
18 17
X
18 20
96 22
4 52
0 94
21 87
77 43
34 76
97 87
22 11
55 29
17 66
51 8
9 8
36 64
72 30
70 83
13 56
71 46
81 80
19 78
92 45
80 9
0 53
68 93
82 47
52 58
64 46
97 45
29 74
78 61
84 86
23 58
52 15
17 50
84 7
74 33
88 44
65 98
47 57
51 75
66 32
33 39
1 60
12 94
47 67
59 77
98 3
51 29
35 38
7 74
12 88
81 77
96 0
76 4
18 2
84 8
72 57
20 94
12 24
X
22 63
64 93
46 92
87 14
6 69
5 88
46 87
X
64 7
12 91
59 26
54 78
29 41
69 81
18 51
47 45
0 73
94 25
90 84
69 50
11 84
26 69
53 11
43 82
93 40
57 42
25 28
5 31
75 25
51 18
88 77
61 10
88 34
95 57
50 71
2 14
37 53
83 83
44 25
25 58
9 97
58 11
90 83
10 92
14 79
44 77
97 90
34 59
64 66
63 94
80 7
74 7
16 97
50 27
8 98
15 41
79 78
80 56
66 51
72 46
54 29
36 60
89 55
41 91
50 21
80 10
48 23
73 57
89 18
56 83
38 23
71 96
33 67
29 40
67 3
45 53
64 18
56 25
81 70
68 53
14 95
6 7
36 11
69 61
74 60
79 46
37 46
34 27
76 41
56 61
69 40
66 25
19 69
72 76
8 10
72 40
73 25
57 38
51 79
19 52
10 86
75 74
25 26
52 19
63 85
77 28
20 11
65 56
46 95
58 93
53 56
87 90
51 57
75 9
56 56
10 66
40 17
54 39
47 91
45 58
25 91
68 63
86 62
46 34
79 93
95 86
92 2
X
3 67
72 68
63 31
24 73
89 68
11 76
23 92
34 33
65 46
15 28
16 19
80 46
4 53
25 7
X
55 6
90 24
81 50
94 24
88 87
25 50
41 90
92 82
72 14
96 86
5 64
52 24
50 63
1 11
35 21
57 46
6 8
64 58
98 45
11 67
56 3
63 19
12 98
95 79
13 82
70 28
40 10
56 27
62 29
86 14
8 28
58 32
74 46
6 20
94 79
66 7
31 63
85 24
0 96
12 66
12 4
30 78
27 89
69 54
1 58
81 28
14 10
68 54
30 4
86 87
20 81
34 60
67 95
93 83
18 22
36 55
73 42
74 45
4 17
14 34
24 4
67 93
12 16
97 9
16 65
33 34
84 25
73 82
10 62
25 67
24 71
55 52
56 95
26 27
53 6
13 22
79 81
39 19
78 91
89 84
5 25
73 83
55 14
6 97
76 20
77 86
97 1
37 44
13 4
49 39
93 41
92 31
84 89
40 88
25 85
40 16
32 67
55 86
90 15
94 45
88 92
87 57
52 5
79 85
21 58
32 22
80 57
78 38
32 91
24 40
60 17
89 85
8 87
30 68
81 17
43 92
75 52
73 10
4 47
73 80
83 68
70 23
55 78
66 54
83 7
91 75
97 8
25 39
3 80
70 42
73 62
54 46
15 25
83 6
13 55
82 91
45 14
39 73
43 81
94 93
4 70
7 27
66 96
82 34
66 93
3 73
81 79
X
8 43
80 82
70 60
82 54
59 35
39 50
25 90
48 78
93 22
58 33
86 73
46 13
10 71
21 98
76 98
20 24
65 89
95 33
6 93
55 92
82 19
71 97
63 46
41 77
16 54
57 39
27 13
67 51
78 44
41 62
15 62
81 83
36 61
86 33
88 45
32 92
97 24
34 22
54 17
65 28
66 82
40 96
96 20
25 75
56 48
54 0
94 61
74 95
36 42
25 44
56 4
44 57
51 85
22 81
53 13
80 64
23 15
56 88
90 58
53 68
68 29
93 36
92 73
82 85
25 21
55 10
73 23
12 45
59 93
89 50
49 69
8 46
65 53
95 80
60 61
65 32
87 92
45 21
37 20
47 22
60 77
92 53
10 3
18 58
38 51
28 12
4 45
30 44
45 55
92 15
54 40
53 15
20 74
35 78
89 98
56 15
93 64
88 16
61 75
41 86
81 67
8 23
39 28
5 35
X
17 89
31 48
30 33
72 95
9 57
13 71
37 94
12 58
79 60
70 50
24 78
79 23
86 30
70 5
55 38
90 71
40 53
48 76
52 83
93 33
97 40
12 79
20 15
43 76
79 39
2 88
37 26
73 73
59 3
7 82
53 21
41 55
89 52
30 28
31 40
39 71
87 66
13 92
20 80
22 76
7 13
94 54
17 95
79 8
12 90
43 11
95 95
18 10
72 34
81 56
4 0
88 86
3 68
28 15
90 33
54 32
91 53
85 23
34 67
74 91
63 53
12 18
11 19
71 59
20 19
63 67
62 59
41 42
91 42
32 66
38 27
82 16
63 6
47 37
19 43
21 96
29 34
92 3
53 75
5 66
50 82
91 76
6 1
54 93
35 32
84 50
26 40
74 50
2 10
71 14
75 58
97 86
91 22
59 4
94 30
37 43
21 71
28 47
3 26
21 10
30 10
21 40
55 75
23 78
32 36
39 34
74 1
68 41
92 68
87 30
41 37
61 83
55 28
75 89
40 56
11 47
96 55
22 1
69 47
51 64
98 87
71 25
76 57
55 53
17 78
95 94
33 14
88 0
53 54
73 17
3 40
20 35
37 73
72 94
48 27
45 80
24 12
X
32 28
62 72
47 65
44 38
3 51
89 93
14 16
87 16
47 11
18 74
11 98
31 23
26 7
26 85
74 5
74 94
63 12
96 80
57 28
8 52
50 35
21 60
89 80
89 94
58 65
92 38
43 49
38 46
45 50
94 2
66 87
56 24
3 21
68 10
27 86
87 40
91 31
2 63
52 79
52 23
13 34
35 60
30 51
83 57
61 0
77 49
28 9
30 91
59 83
30 20
52 3
7 96
7 93
63 47
6 12
29 1
20 44
15 97
35 0
66 29
44 19
48 35
3 60
68 48
61 88
97 49
42 49
54 50
80 3
6 50
58 25
32 64
98 30
39 75
48 46
79 2
66 9
61 63
94 68
92 5
42 68
12 14
33 72
24 27
82 17
49 3
86 61
45 18
98 15
87 55
90 35
40 11
76 76
84 73
43 65
17 97
63 3
20 63
77 64
22 55
90 96
1 70
54 84
96 44
87 8
17 93
19 66
34 50
97 33
69 95
48 39
90 30
91 68
78 65
80 0
84 61
18 16
8 54
46 62
6 14
95 23
21 14
80 85
19 24
62 38
96 64
38 66
21 91
8 3
33 85
14 72
47 62
72 35
7 76
77 78
78 2
82 69
54 25
80 60
51 89
45 41
95 76
38 7
13 73
43 31
98 48
64 95
5 5
59 91
17 64
58 97
11 46
57 67
35 20
40 79
0 14
69 96
42 83
83 90
73 34
23 4
55 50
23 50
11 92
3 1
14 53
1 63
69 97
14 37
74 27
40 86
26 14
7 89
85 64
55 98
48 94
50 89
76 94
78 29
9 80
82 90
97 44
44 66
64 65
77 94
93 72
43 38
36 41
41 54
44 21
23 82
28 77
53 82
10 65
41 39
86 45
53 47
21 47
9 42
88 78
85 33
16 95
43 2
26 83
13 21
8 6
78 54
4 68
39 9
38 87
55 93
95 88
68 43
27 66
67 7
38 42
8 84
50 54
53 63
64 38
48 54
52 80
93 23
44 71
13 62
4 33
65 75
77 29
31 98
49 50
85 36
93 32
12 87
53 78
30 93
73 5
27 5
61 39
46 3
41 50
54 70
64 61
48 22
6 74
18 45
65 57
47 38
27 69
71 26
26 89
50 81
87 36
47 89
50 64
37 49
55 89
55 68
66 81
40 19
90 39
62 6
22 35
44 79
84 62
15 57
68 28
82 3
81 12
1 93
83 75
76 21
72 1
15 0
51 62
92 33
74 74
13 12
98 93
38 93
87 96
2 55
12 40
68 11
27 32
41 0
84 24
32 35
31 46
91 59
85 34
60 0
89 40
29 90
51 47
3 91
7 25
95 55
66 23
56 28
70 93
4 26
30 84
38 55
12 69
7 20
92 41
70 66
26 58
75 81
53 46
80 78
49 51
41 70
38 79
55 57
33 68
44 26
6 76
77 42
78 23
78 94
19 82
56 6
78 30
84 80
2 56
65 74
14 70
6 29
49 82
47 66
15 85
43 75
48 92
9 12
16 58
15 6
30 69
74 24
82 80
7 83
46 50
86 70
2 68
19 35
33 63
40 36
15 16
77 66
78 22
54 19
69 65
69 41
19 81
36 21
10 55
56 89
51 72
79 67
68 50
9 22
56 32
51 22
42 17
97 21
84 2
43 67
3 11
8 8
64 24
16 52
79 49
25 69
21 12
15 66
6 32
88 56
41 21
49 92
67 79
52 16
21 43
98 64
95 91
16 26
11 71
95 48
21 44
69 70
71 56
75 56
54 16
79 41
36 89
5 26
5 45
89 20
5 37
47 56
84 72
85 62
95 89
62 62
7 32
38 70
46 53
47 27
73 38
94 90
32 25
17 79
36 84
93 68
39 86
62 75
68 4
21 70
79 72
53 38
96 91
5 52
92 0
73 77
94 4
84 63
52 33
73 37
16 86
97 55
55 84
76 44
87 91
41 6
54 36
76 18
46 78
38 43
41 45
80 26
44 62
84 69
22 45
15 24
92 19
32 78
8 22
94 94
46 54
38 14
47 86
12 95
51 42
31 37
76 17
14 86
66 44
69 8
43 71
7 54
17 58
50 86
26 34
1 29
10 11
19 6
47 49
45 52
67 82
95 92
37 32
92 37
9 46
65 93
10 43
34 79
51 2
63 83
21 34
14 35
96 1
19 12
33 47
21 93
49 11
74 63
95 41
28 3
28 23
33 74
76 77
4 27
63 58
3 77
73 30
34 14
93 79
9 54
64 89
18 81
30 50
64 63
74 58
13 47
72 85
29 98
92 35
69 1
24 3
54 92
60 82
59 62
43 34
15 33
98 80
53 12
78 16
6 70
10 44
53 49
19 46
85 39
55 12
71 82
48 93
90 68
98 22
39 70
95 42
97 94
48 80
11 2
50 90
85 8
7 16
73 96
50 22
18 42
54 73
55 45
89 92
4 31
47 54
86 64
45 88
53 2
93 67
17 49
6 38
15 50
61 11
97 37
25 92
49 40
37 60
21 8
39 65
16 50
71 60
8 38
50 73
80 87
66 75
95 46
18 35
49 70
60 73
49 30
41 5
41 95
66 55
56 58
19 88
12 67
41 63
79 38
10 75
11 57
75 35
39 38
44 83
64 9
49 55
6 23
74 78
52 41
53 14
87 32
47 17
95 37
44 13
68 16
17 75
58 46
57 13
10 73
44 67
2 53
13 53
75 44
3 87
45 89
74 57
59 74
82 98
30 16
87 11
14 83
28 26
4 39
74 77
12 54
20 30
31 74
96 30
56 92
64 55
20 1
52 45
36 7
44 10
66 4
97 48
37 37
49 72
97 64
44 35
17 56
68 23
59 23
57 77
90 34
55 72
9 77
80 2
51 21
3 17
87 18
51 35
37 83
65 76
10 28
70 58
52 85
72 60
60 75
32 33
13 35
48 49
80 90
26 5
83 0
88 32
56 10
18 79
94 19
76 50
12 38
39 55
22 72
X
40 90
29 2
17 73
50 30
19 11
33 60
15 61
3 82
55 7
9 78
77 71
90 74
97 79
74 61
42 20
89 83
15 72
74 75
91 15
78 84
56 49
32 97
58 16
90 44
X
70 4
84 23
35 87
78 55
40 5
87 71
98 8
59 55
47 53
12 27
73 61
54 7
81 30
X
53 92
61 61
X
6 58
15 20
40 51
24 47
19 68
34 7
22 73
68 82
X
51 54
0 22
45 16
6 54
41 18
86 44
74 81
20 95
42 62
72 31
53 85
21 16
51 91
2 27
31 67
56 39
57 88
66 47
61 92
87 83
71 0
28 40
74 54
73 7
40 14
51 78
81 57
17 2
96 71
33 82
67 92
32 90
51 58
39 64
81 55
15 8
83 87
73 85
10 25
29 0
25 60
8 67
33 13
22 85
34 70
82 76
49 86
8 18
9 56
96 37
42 19
26 32
0 47
62 10
2 34
83 66
75 70
52 25
24 58
57 57
32 14
63 98
58 59
60 69
39 25
40 15
58 6
64 77
4 90
41 9
31 28
88 68
39 33
4 48
10 22
4 22
46 10
6 51
7 28
56 5
96 2
92 7
97 50
86 59
79 91
37 25
28 21
81 20
42 39
45 77
75 28
89 16
81 10
73 27
43 19
75 59
44 70
9 64
79 24
66 6
86 77
14 75
88 43
86 7
30 1
26 88
4 37
95 11
4 12
22 41
46 80
44 46
17 65
X
1 94
91 1
30 21
32 19
79 96
37 86
90 64
54 51
81 1
4 34
15 1
88 13
76 63
81 6
7 21
11 20
89 65
85 10
68 72
23 98
79 19
98 85
21 46
28 67
76 89
81 93
95 5
63 26
78 47
78 59
29 96
1 82
38 75
19 22
4 63
60 88
8 64
8 4
6 65
64 3
74 49
52 82
64 81
9 44
7 51
55 4
58 45
33 88
74 36
83 32
88 6
13 70
26 98
9 36
62 39
8 15
33 95
4 87
7 64
85 67
26 25
29 71
48 28
65 91
66 21
70 71
0 12
6 60
50 45
97 17
72 33
94 16
85 40
76 35
78 86
77 36
62 73
18 11
88 35
40 47
49 90
7 95
6 56
72 28
57 62
45 36
20 56
45 83
25 82
36 15
3 54
87 84
19 19
48 15
60 22
90 22
37 80
49 20
98 94
97 27
47 39
56 20
16 8
37 18
88 65
46 19
62 71
56 1
11 9
64 42
12 48
65 30
56 85
44 41
54 10
64 75
37 81
14 27
37 76
81 34
93 55
50 47
58 86
98 39
86 4
84 47
69 74
5 0
16 17
51 41
86 76
13 49
82 14
74 18
83 92
68 31
40 33
6 25
55 67
2 26
73 9
94 57
53 5
40 41
47 48
39 78
77 83
24 90
90 62
74 97
4 58
32 79
90 18
80 50
60 24
87 88
60 1
71 91
22 58
3 39
92 36
95 54
7 41
14 82
24 39
22 78
71 29
24 49
61 93
23 1
63 2
4 21
X
61 91
65 45
58 9
67 80
70 91
61 74
66 89
48 3
93 82
78 80
57 80
49 8
60 63
11 1
54 23
90 20
72 24
26 55
72 32
84 36
21 15
3 76
9 19
55 40
54 64
39 96
15 75
24 35
52 92
11 18
30 56
40 7
69 31
22 14
79 33
27 75
97 82
21 62
96 23
7 55
98 25
91 26
21 7
16 14
38 12
17 69
66 45
4 13
76 36
28 28
76 90
56 59
64 1
49 41
92 54
22 56
3 53
81 7
27 85
71 75
39 93
44 36
92 74
74 83
54 6
11 73
81 14
72 44
94 9
35 17
31 17
72 64
67 54
82 35
9 86
X
49 28
42 47
25 98
31 35
45 42
73 58
84 98
72 55
42 38
62 70
86 12
34 58
30 0
86 21
82 88
49 2
27 84
77 58
87 12
58 72
98 88
14 64
53 7
14 85
66 31
91 52
9 66
26 50
96 84
78 81
98 11
49 62
54 14
33 81
81 54
16 98
96 50
51 80
2 65
70 94
56 53
70 57
5 12
25 89
41 58
15 7
39 54
47 29
8 47
X
32 3
65 65
42 95
81 85
28 91
95 65
42 7
X
76 93
X
17 6
X
20 58
4 94
X
59 71
72 72
20 41
4 50
0 98
93 69
X
X
71 52
42 24
17 84
11 56
X
X
X
X
35 63
77 67
X
82 31
X
75 46
X
4 49
53 65
X
X
X
24 84
28 83
40 12
X
X
X
X
X
76 24
87 52
X
X
10 37
X
65 17
X
87 35
39 44
38 0
X
10 32
40 25
96 89
X
58 21
23 35
X
24 94
22 42
X
74 53
X
37 66
X
28 42
X
9 67
X
13 86
15 34
82 73
X
X
X
X
93 78
94 59
X
85 80
X
11 69
X
X
62 88
85 35
96 36
15 91
51 4
X
X
X
7 7
53 28
53 61
52 51
45 43
73 95
X
76 87
31 26
X
X
X
64 72
80 65
62 25
X
30 86
49 57
94 44
X
4 69
X
15 10
14 69
X
X
X
76 23
28 49
X
X
X
26 28
X
67 45
65 62
48 45
33 26
X
57 23
X
X
X
X
59 40
61 89
X
60 85
36 62
88 41
44 54
X
57 73
34 41
90 26
6 42
83 61
X
X
7 10
13 40
X
X
83 67
X
X
56 33
X
27 64
86 41
87 38
83 26
X
46 18
58 4
X
X
X
27 91
59 96
67 22
79 5
66 37
76 78
54 38
X
91 20
X
X
23 2
91 34
X
92 70
X
X
77 56
X
X
29 81
2 49
7 4
X
67 70
X
X
10 68
91 92
87 43
87 85
71 7
X
57 34
X
X
X
8 12
X
96 49
66 66
X
X
X
X
46 33
X
X
95 14
43 28
23 72
X
X
6 40
X
55 79
45 24
31 92
27 90
70 80
69 68
28 50
14 88
5 87
44 96
51 34
49 14
6 94
97 43
11 59
23 37
X
26 76
X
X
97 59
X
X
79 10
X
X
86 53
X
45 82
13 33
29 4
X
X
57 51
X
13 89
21 28
80 92
X
80 93
X
43 37
11 91
5 74
62 51
79 75
38 33
X
X
30 39
X
67 55
X
X
77 69
X
8 96
X
63 7
47 70
X
4 76
5 61
38 58
X
X
0 95
44 37
39 82
97 67
40 77
X
12 25
90 0
98 31
X
22 69
X
X
54 63
41 67
X
X
82 74
X
26 41
98 78
67 77
10 93
X
38 1
X
18 27
17 5
X
X
X
X
27 74
X
96 57
76 53
X
28 57
X
X
94 37
X
X
29 50
36 72
5 55
73 59
X
65 8
27 83
36 52
X
10 84
33 38
13 77
X
X
X
31 25
X
41 75
X
92 92
X
52 18
67 74
X
X
56 52
X
0 50
X
90 63
X
15 53
50 7
X
X
50 62
52 60
83 38
35 92
44 58
58 85
80 1
18 5
17 16
8 30
3 27
X
X
X
30 15
88 2
13 16
26 78
24 53
X
X
81 25
X
5 10
X
13 87
X
X
1 72
X
54 21
20 72
52 21
63 35
27 34
56 31
X
91 16
88 53
38 68
19 73
74 8
31 57
X
81 66
82 25
X
X
39 68
X
37 77
63 75
55 46
34 95
X
X
X
X
X
26 73
X
X
X
X
X
X
24 26
X
50 72
33 17
12 6
X
90 76
29 97
X
77 47
4 51
X
X
58 7
X
X
X
39 57
94 46
79 14
78 79
86 18
18 71
86 83
X
85 16
X
X
X
43 53
X
43 62
X
56 29
X
27 58
21 29
X
86 37
X
47 52
X
68 98
73 43
63 38
66 34
X
91 44
11 22
98 71
X
75 51
X
X
50 48
X
X
73 86
X
X
X
X
20 70
92 22
X
X
11 54
X
X
X
X
X
94 83
58 80
69 90
X
84 78
98 50
78 15
X
96 45
X
X
0 69
74 21
X
48 60
36 45
5 97
56 69
1 48
76 66
77 13
6 84
41 38
X
18 19
36 73
X
68 42
77 51
X
X
X
38 37
X
X
X
X
X
64 49
8 41
42 5
70 32
X
X
X
31 2
X
X
55 85
12 7
84 79
X
1 97
52 56
X
21 2
13 14
13 23
68 80
X
X
X
35 19
64 59
51 50
54 83
36 86
27 98
88 28
29 37
15 27
8 49
X
X
90 46
37 92
94 77
X
X
X
X
X
75 33
70 46
X
X
80 22
72 47
X
60 29
X
1 19
77 24
14 18
41 57
X
X
58 57
X
61 36
47 6
90 70
48 50
20 14
X
35 39
21 17
77 89
17 54
X
63 25
X
X
61 47
X
X
27 78
30 26
X
18 62
X
X
77 45
X
13 61
98 51
X
11 86
23 7
44 60
59 38
8 50
X
X
42 36
24 95
79 15
X
61 85
53 80
X
88 5
79 84
0 68
X
X
52 91
10 21
10 67
28 58
65 90
25 84
X
35 49
38 31
3 30
49 12
43 1
X
8 91
37 87
20 62
70 31
17 40
X
X
27 60
15 71
65 48
X
80 47
X
91 4
68 24
93 91
11 33
98 68
50 79
24 75
66 40
67 81
67 41
X
X
52 6
X
X
61 77
97 92
53 17
33 18
18 59
X
42 78
X
81 48
61 53
41 92
X
55 5
35 62
90 65
X
32 2
X
X
X
80 45
X
X
X
X
54 1
X
X
X
5 90
43 94
86 54
30 43
X
X
95 39
21 72
X
19 71
39 45
67 63
10 17
X
39 17
21 94
X
93 27
18 65
94 92
22 13
61 26
X
31 39
74 22
X
44 48
56 42
37 36
X
20 73
67 26
X
X
43 59
X
X
X
31 93
14 19
X
69 72
X
X
X
86 42
39 97
X
36 30
29 68
5 20
47 59
X
39 90
X
24 6
20 27
71 70
X
X
94 27
X
X
X
X
31 71
X
17 96
79 87
X
71 34
X
94 70
X
83 40
X
X
X
X
X
30 98
56 9
39 11
15 77
16 81
20 42
11 61
74 64
X
89 53
48 56
X
12 46
73 16
X
24 59
X
22 30
X
36 49
X
X
57 90
85 20
75 91
2 59
84 1
48 77
X
30 37
X
X
X
8 40
X
X
X
17 20
34 88
X
28 78
X
94 55
40 60
70 20
15 64
X
X
X
23 90
X
83 86
61 29
X
3 12
X
48 31
X
79 61
59 92
45 37
36 88
X
25 30
28 72
X
X
X
55 82
77 21
23 75
6 90
47 7
26 12
31 32
X
X
41 48
7 80
X
X
90 51
85 51
85 25
1 27
X
X
X
X
28 74
53 18
8 57
X
X
81 96
96 26
51 51
58 26
47 28
95 64
91 63
X
15 96
X
55 19
8 93
60 53
59 66
X
24 36
X
X
29 42
56 87
70 44
X
32 31
X
89 62
45 40
75 21
X
60 86
X
62 9
X
90 17
88 83
29 75
77 91
47 60
X
40 23
X
78 31
X
X
X
9 25
X
X
25 53
X
42 63
X
X
96 11
X
X
X
69 53
X
95 77
X
83 94
74 92
X
X
61 65
62 93
44 50
X
X
97 57
3 32
X
X
95 70
X
X
77 17
91 98
X
85 52
58 54
X
22 44
X
X
41 10
42 10
82 48
X
X
9 60
X
53 45
4 71
31 86
X
X
17 17
X
30 30
69 55
18 28
87 7
X
X
17 7
X
X
54 90
X
X
83 95
X
X
X
6 21
96 32
X
5 33
76 28
82 20
75 72
X
X
21 21
2 86
0 15
70 8
51 25
28 80
X
27 39
X
80 30
X
X
76 71
75 30
X
19 80
X
X
39 53
50 67
X
54 58
12 1
34 65
13 79
X
X
39 21
32 41
X
X
56 94
X
86 3
84 65
X
87 44
55 88
80 54
81 86
X
87 46
78 82
7 2
5 51
X
65 49
X
64 96
X
95 47
X
X
6 26
X
X
X
44 90
22 95
X
35 10
55 32
78 14
X
X
27 21
X
27 41
X
X
6 98
4 3
X
1 64
X
X
87 49
X
33 11
X
X
X
60 56
X
13 59
71 32
X
46 21
67 39
X
X
17 91
33 87
X
67 57
65 69
X
X
53 74
X
27 82
X
X
1 68
X
X
14 7
X
X
X
27 14
X
69 83
X
X
48 85
33 64
66 83
17 14
6 85
X
78 35
X
40 9
54 86
72 89
X
X
X
95 78
X
36 50
87 3
X
11 72
X
X
73 35
X
X
70 95
X
52 73
69 22
33 66
39 51
52 52
18 75
X
X
74 87
63 76
23 47
87 80
20 55
53 59
46 64
X
19 57
2 0
57 33
16 92
31 94
X
X
X
X
51 86
X
11 8
X
60 71
