23 83
49 44
62 62
89 74
35 71
13 97
26 70
29 77
47 51
91 56
90 18
74 7
52 82
30 56
59 41
78 68
93 15
52 95
65 37
6 8
56 67
66 51
94 20
85 30
82 7
X
63 42
17 88
75 61
26 91
33 43
92 5
27 8
23 6
84 91
80 67
96 0
19 88
16 11
91 55
29 49
5 91
93 7
3 40
68 16
74 73
46 35
82 18
72 12
57 88
74 50
11 97
95 9
20 96
6 39
5 98
55 71
44 87
7 66
30 14
45 16
67 40
31 70
75 43
12 90
53 72
16 13
6 82
29 80
74 54
12 60
27 61
89 16
35 93
91 13
4 37
23 74
39 67
50 36
25 29
87 11
83 78
77 59
8 23
65 47
38 56
41 15
46 95
4 25
20 64
46 30
50 2
3 97
6 54
44 40
15 13
91 38
85 83
43 76
47 93
33 81
86 32
49 39
98 53
70 83
52 45
29 67
47 35
84 98
65 66
88 87
16 54
7 6
81 58
93 11
31 23
19 5
98 32
66 52
41 93
24 87
89 46
87 78
45 32
69 48
37 70
27 12
38 83
73 1
77 53
7 72
42 80
80 63
12 73
36 85
3 80
3 81
82 54
48 48
12 62
96 74
14 80
48 19
93 21
78 66
71 28
12 8
24 90
82 21
35 25
15 79
15 3
20 46
21 30
82 76
34 63
88 63
90 38
82 50
63 91
65 86
66 17
6 29
48 88
80 68
60 74
11 13
27 89
76 36
43 22
14 52
27 81
92 33
96 84
47 34
14 73
67 79
44 31
52 50
30 25
50 20
82 5
38 79
81 49
66 94
69 5
6 69
45 31
84 77
8 94
70 73
58 2
75 6
37 95
48 30
34 64
26 45
83 1
11 67
17 64
43 58
12 70
98 14
69 79
65 33
96 90
53 15
49 17
23 97
49 8
74 80
48 89
37 94
24 54
4 2
68 92
11 35
91 85
72 13
2 80
32 32
22 34
83 14
1 63
53 24
9 22
48 90
50 41
30 23
37 65
92 23
37 55
13 88
26 83
64 98
26 61
22 96
73 49
60 80
73 81
6 43
7 47
10 1
10 75
49 15
4 21
63 65
98 79
86 65
17 97
2 69
8 11
11 63
44 0
2 94
67 43
11 49
6 46
83 23
75 22
46 40
32 20
63 41
47 95
70 94
86 40
3 66
31 80
79 55
16 61
74 39
10 58
83 66
70 72
48 21
49 65
13 78
37 7
77 63
91 52
70 55
67 83
27 70
96 83
51 79
16 15
78 34
61 80
58 92
18 73
17 90
44 20
74 5
79 44
53 16
59 6
87 16
4 55
66 48
47 32
64 18
24 71
23 5
18 6
94 78
59 60
92 36
76 55
49 22
93 40
76 41
71 53
93 41
39 71
49 53
27 85
88 90
91 23
8 54
89 23
36 95
4 24
62 27
41 66
96 82
27 32
77 78
73 10
55 4
78 91
92 66
80 7
20 79
39 50
68 40
24 19
13 4
91 0
61 49
45 17
58 73
50 3
13 18
69 61
65 30
11 62
7 92
85 65
31 6
45 35
89 31
21 40
13 19
6 33
32 23
98 63
47 98
93 51
50 80
28 67
42 19
50 6
61 84
14 96
84 75
32 18
25 89
93 23
75 16
9 11
30 17
35 38
80 28
42 25
90 50
8 95
43 85
16 4
79 94
14 68
15 72
75 23
89 8
21 31
56 79
30 67
13 21
60 83
83 84
78 67
35 78
2 55
27 47
67 80
74 75
73 54
59 80
2 70
67 87
13 22
59 2
91 35
55 21
X
72 1
46 45
66 28
91 6
58 25
42 60
40 82
79 45
46 94
47 88
20 92
51 40
66 96
83 4
31 79
48 74
71 89
62 72
19 20
36 16
3 60
24 29
36 60
20 8
7 12
18 93
56 49
45 87
86 85
87 50
35 43
83 17
14 97
83 8
30 34
83 6
44 69
47 48
12 87
71 64
4 4
65 61
88 4
46 77
9 47
41 13
28 16
8 64
15 22
33 27
41 59
70 63
8 22
71 57
32 71
81 97
94 60
19 13
49 50
7 58
55 86
96 15
87 31
9 98
70 5
33 39
8 17
85 73
15 0
21 3
3 7
2 1
71 31
48 14
19 72
76 12
26 40
57 94
93 6
52 49
7 75
11 70
60 64
93 35
12 47
69 24
0 55
19 65
70 38
8 39
19 40
72 52
90 52
40 18
38 90
48 37
52 46
34 91
98 48
11 10
91 71
61 1
72 60
96 23
22 52
6 35
77 48
2 66
25 4
95 80
91 84
14 63
43 55
10 23
93 20
36 32
94 86
7 41
3 52
X
97 34
5 28
34 37
0 10
72 31
51 69
X
76 56
2 92
19 7
16 53
48 79
73 3
43 93
94 22
90 66
23 25
92 68
16 10
73 17
5 9
10 3
90 12
3 73
16 93
94 30
78 33
35 36
25 19
70 50
42 79
62 31
75 8
11 9
6 25
12 39
63 86
26 48
66 64
41 12
6 37
30 84
82 78
9 56
64 94
40 73
23 70
35 82
65 82
2 53
36 37
5 78
88 51
18 26
82 49
50 65
0 65
13 60
48 38
40 83
1 65
81 69
44 14
43 77
11 90
7 35
47 76
17 49
59 25
95 15
32 81
18 15
74 79
71 37
30 47
24 23
23 79
36 51
82 24
34 40
4 96
77 92
29 66
15 35
9 36
16 3
75 0
45 5
91 51
43 6
77 60
23 23
6 66
48 20
61 59
85 40
77 9
10 25
62 55
81 95
81 87
36 25
43 19
25 80
46 1
21 43
94 61
76 94
4 95
48 92
58 11
58 42
17 69
18 3
89 43
44 10
48 36
53 48
35 59
10 72
26 46
18 9
68 31
47 61
66 22
87 6
76 86
20 19
30 41
72 61
21 82
65 52
47 40
36 11
51 95
45 89
29 83
95 56
9 32
94 28
0 48
72 49
16 8
11 19
86 86
90 13
35 23
50 53
38 20
91 97
93 43
42 11
34 13
43 83
7 67
95 40
7 88
78 10
15 17
37 93
50 92
39 88
2 98
52 72
24 17
X
47 87
81 22
93 42
66 57
51 77
69 30
19 68
79 0
49 41
58 84
27 4
54 28
15 42
38 75
85 84
48 2
27 13
27 67
0 13
24 83
57 65
26 24
61 9
93 38
2 10
48 28
97 85
20 4
63 48
98 39
20 32
80 29
81 88
48 94
39 9
43 14
91 7
12 33
32 26
12 61
9 57
46 82
96 22
52 30
67 7
67 59
24 50
56 71
13 95
73 57
25 41
16 79
22 98
69 17
98 57
15 7
78 75
68 49
55 7
46 92
4 56
25 20
12 83
64 6
18 51
60 57
8 6
10 29
7 46
25 70
96 47
38 53
37 59
51 64
76 62
28 75
37 63
59 85
17 68
25 36
79 3
57 41
47 82
4 53
70 13
13 20
34 24
83 93
51 23
77 42
50 68
26 21
64 28
17 70
87 18
38 64
22 48
51 80
20 18
44 61
30 4
28 64
48 15
58 72
8 14
10 70
55 1
91 59
48 3
10 61
6 86
93 13
47 23
26 38
33 50
40 95
93 80
34 0
85 41
3 50
51 68
19 92
26 32
32 21
67 21
92 31
30 24
66 70
90 96
73 82
14 85
64 42
72 56
58 33
42 68
84 60
38 23
42 44
72 59
84 38
4 43
18 88
35 0
55 11
81 0
40 16
4 20
5 96
72 0
95 98
40 50
67 9
31 68
89 76
9 84
95 54
44 42
47 64
91 45
25 46
49 56
12 30
10 33
30 85
4 13
4 72
0 64
7 77
93 34
27 75
67 46
9 93
13 92
66 61
84 22
63 23
21 52
37 86
47 38
62 39
89 64
58 79
9 42
44 38
29 23
92 19
9 97
73 63
26 35
95 32
34 69
57 42
90 97
61 52
25 35
4 42
21 8
6 10
69 57
55 77
22 32
87 22
52 96
16 6
51 85
91 53
0 82
91 74
37 80
65 83
60 22
89 96
17 34
51 35
1 88
53 90
64 9
44 95
X
9 44
41 2
84 52
63 49
28 30
96 62
X
30 22
32 1
79 50
13 44
23 41
48 7
96 10
28 59
74 61
29 43
23 1
98 94
83 12
41 18
81 92
0 73
20 11
97 79
92 39
32 14
66 24
18 95
31 98
31 38
X
60 35
66 36
65 57
25 85
53 51
4 27
95 83
77 49
3 55
43 16
61 0
4 64
30 28
19 96
92 85
86 15
71 73
43 5
33 42
49 64
54 29
95 45
62 16
66 85
11 48
8 86
43 70
58 71
5 50
26 29
78 32
46 89
75 80
51 8
12 22
2 35
43 73
63 64
41 5
62 15
32 87
20 74
81 47
18 55
9 85
17 65
74 55
38 94
54 24
97 0
20 38
78 17
42 43
24 12
81 72
61 54
22 31
61 73
32 36
11 15
50 19
97 33
95 12
54 18
28 26
13 94
45 61
45 55
X
46 15
87 0
70 65
70 82
38 85
14 10
8 3
94 14
82 1
22 97
11 29
38 16
15 60
90 39
66 59
27 68
75 93
41 47
84 72
9 23
1 51
35 86
25 61
40 36
73 60
87 66
73 80
13 24
16 33
29 78
37 28
98 54
78 55
84 24
24 45
54 96
73 45
85 42
53 87
17 35
28 25
36 84
42 81
47 1
30 21
14 57
31 31
74 24
41 62
29 74
64 8
37 85
65 93
89 77
89 17
57 64
40 85
60 18
82 82
66 41
45 25
87 30
57 46
44 83
97 23
35 67
94 58
9 19
58 66
28 23
15 82
80 20
30 69
86 43
83 62
80 64
17 11
88 49
19 25
0 20
6 83
12 67
86 76
98 62
38 61
71 75
15 11
26 52
15 40
4 74
95 37
29 22
37 31
39 5
21 16
25 75
73 22
76 49
40 76
24 82
61 25
87 53
19 78
48 66
81 45
97 37
58 31
18 20
60 36
73 46
82 90
43 30
7 89
97 86
22 75
88 77
7 48
26 67
1 70
63 94
22 55
1 90
6 22
75 64
14 72
79 91
18 17
84 70
7 29
5 11
18 7
70 4
30 36
7 17
53 26
75 54
92 73
11 42
25 82
21 56
50 73
52 76
44 25
9 37
23 29
19 35
79 96
59 90
33 78
3 6
65 73
16 74
59 67
0 58
37 58
66 39
69 60
49 80
56 81
43 64
12 17
55 84
26 80
20 83
48 35
36 66
98 45
70 9
56 4
20 13
93 24
26 86
85 75
79 30
47 9
88 15
78 46
80 69
66 87
68 79
0 51
54 76
29 57
98 3
79 19
98 38
40 35
90 57
52 42
68 11
48 58
24 67
35 94
88 24
18 12
33 31
47 81
80 4
19 24
65 63
47 85
16 0
84 74
18 11
32 55
58 47
57 95
69 47
46 11
14 59
10 82
98 10
15 24
42 67
15 26
98 33
27 5
94 12
58 74
31 3
82 14
3 49
43 89
75 86
92 34
88 64
20 97
57 22
34 72
18 79
68 55
84 50
24 32
49 92
34 86
82 3
8 79
32 79
23 82
95 61
37 14
82 38
86 81
52 24
88 71
20 59
86 10
94 69
1 87
14 91
97 39
65 58
34 78
X
52 40
45 91
41 35
17 79
8 34
24 57
50 27
41 20
91 41
90 1
10 46
36 80
12 48
28 84
41 68
36 89
91 75
95 97
95 75
11 55
9 58
64 43
41 9
5 29
12 98
50 34
4 90
78 83
97 42
7 33
56 85
97 90
70 47
79 28
60 41
33 13
62 75
76 22
16 89
93 54
36 94
16 60
74 94
61 16
11 12
76 73
40 6
11 60
29 45
88 27
39 62
8 65
62 6
35 85
9 59
54 84
35 11
79 12
8 48
69 82
43 33
76 14
1 76
45 59
33 29
95 91
21 47
53 49
95 43
1 86
41 26
85 59
22 87
78 92
9 54
43 21
4 73
11 64
32 35
53 25
24 68
87 29
83 47
79 21
98 41
72 46
25 42
72 32
2 47
56 80
61 46
77 58
17 98
87 51
36 91
68 61
88 22
87 83
54 89
67 82
64 89
88 45
91 65
77 4
40 88
32 22
58 62
34 36
47 12
4 67
8 42
95 76
35 89
23 44
39 36
64 12
16 65
2 65
7 79
51 3
16 48
94 79
32 94
27 52
3 16
20 25
45 26
94 73
69 54
18 44
11 18
40 46
10 74
0 22
87 79
4 28
91 27
49 2
59 76
3 34
98 30
52 83
2 30
22 40
1 24
78 69
28 21
1 53
54 88
72 37
49 49
6 56
21 35
44 26
41 8
2 61
5 6
50 60
47 41
97 27
95 25
24 15
45 62
8 85
96 63
26 49
61 28
61 48
42 49
67 72
15 38
74 62
26 64
28 10
73 20
94 0
88 11
20 76
74 19
89 91
26 59
10 86
36 43
33 14
24 77
12 14
27 31
74 0
80 5
39 31
31 17
6 28
41 84
49 96
61 69
77 71
61 35
83 59
81 16
25 91
79 2
35 22
6 23
66 3
47 18
94 54
31 29
63 93
82 86
70 35
53 66
13 93
36 65
87 92
44 71
49 21
82 95
84 9
36 48
79 39
55 61
0 66
54 69
25 88
76 20
49 69
91 96
70 29
89 34
7 16
74 59
44 5
75 35
73 34
93 82
37 42
12 40
46 58
0 56
28 33
43 39
32 15
41 55
67 23
21 20
71 71
9 92
91 69
97 68
96 91
76 76
17 23
48 41
7 60
86 12
22 74
52 89
23 96
34 92
79 37
54 56
28 85
55 90
51 81
76 98
57 25
17 59
59 54
56 41
73 39
36 36
82 57
33 89
3 94
33 82
45 52
96 21
44 19
6 36
64 45
50 86
37 21
74 70
88 70
18 74
60 3
53 84
46 5
2 77
57 45
96 64
5 82
51 52
39 33
16 5
64 85
27 80
13 47
98 49
5 45
3 15
30 32
32 85
45 66
53 43
87 95
73 23
15 87
9 49
28 86
31 18
94 43
66 31
46 56
55 16
37 16
57 74
22 92
46 53
17 9
10 24
88 98
98 25
63 83
92 62
32 70
82 22
50 37
88 32
81 80
2 45
87 84
68 32
96 92
96 1
12 19
7 51
52 92
92 15
88 65
69 25
77 72
59 47
25 81
93 71
17 27
38 97
46 20
6 77
95 33
50 90
54 87
45 1
77 38
49 72
16 17
5 7
17 12
7 49
83 79
20 93
14 28
46 60
10 40
43 66
46 96
85 85
X
65 87
83 50
72 69
74 18
94 38
7 93
5 67
86 74
46 28
11 75
54 62
56 89
29 44
87 91
57 68
37 79
55 26
80 31
15 55
30 68
37 26
28 61
51 72
81 1
61 72
87 73
51 29
39 38
11 1
10 16
44 94
39 75
66 33
19 83
39 35
57 43
2 11
49 45
83 3
25 67
90 72
79 79
47 79
15 66
34 59
7 97
32 33
91 39
31 35
6 2
57 84
73 62
68 12
86 60
64 86
94 39
61 11
72 29
84 89
29 98
18 89
48 49
45 93
96 85
60 24
93 79
47 44
12 84
10 18
52 74
95 89
55 15
71 80
6 72
92 59
87 28
82 16
90 44
78 84
25 77
10 45
26 88
22 60
89 28
58 75
47 86
45 0
84 14
17 10
92 55
20 54
96 56
20 66
58 43
56 98
96 25
65 92
56 38
34 17
19 44
98 93
81 33
71 9
10 92
74 51
91 94
62 46
73 50
40 33
55 2
24 35
29 33
11 2
8 68
47 37
92 91
16 1
40 11
44 36
64 65
42 16
53 6
0 70
64 66
33 24
56 2
25 60
19 9
97 8
79 93
42 3
53 62
80 85
70 30
53 82
3 21
82 47
44 68
81 23
86 73
8 28
33 92
45 39
39 19
58 61
97 81
76 17
84 35
0 94
77 31
75 62
41 96
50 85
X
35 72
58 14
62 57
9 68
94 62
49 61
90 83
64 90
58 94
14 37
76 44
82 66
63 40
81 21
49 27
55 89
14 47
34 76
88 54
21 19
14 66
52 17
37 76
19 22
6 49
12 20
96 69
7 54
5 64
8 7
69 74
57 44
7 90
52 41
44 30
57 7
19 15
71 82
92 37
97 45
43 35
16 47
11 58
5 94
80 86
87 9
86 38
91 42
75 28
83 0
69 70
0 96
14 55
41 7
96 20
X
67 96
97 1
53 36
29 39
18 13
56 84
84 28
87 23
37 98
14 75
3 22
32 0
24 49
78 61
73 18
71 74
86 77
81 91
2 48
16 97
91 95
65 76
9 82
98 2
3 67
69 80
9 15
38 73
91 82
62 91
93 3
87 4
81 2
51 89
76 2
63 44
13 58
60 68
77 64
93 66
74 96
34 89
X
61 93
11 47
90 24
31 28
60 25
86 79
52 63
22 80
57 60
25 11
65 71
94 68
35 88
62 71
8 29
59 56
43 49
1 66
55 63
68 83
66 10
93 62
24 37
76 58
81 70
62 76
15 98
73 79
53 95
71 47
84 40
21 73
55 39
70 56
84 33
75 34
29 41
97 50
26 7
63 1
87 15
0 53
55 38
25 58
85 13
97 10
66 47
66 18
54 27
53 97
36 70
33 45
66 30
76 72
31 56
51 21
78 24
69 65
23 8
91 76
14 27
30 50
24 28
7 39
47 24
37 37
25 54
77 52
65 10
44 57
86 63
50 18
62 30
69 8
69 78
77 68
9 38
55 87
45 48
49 74
98 85
80 48
63 8
34 52
36 47
73 70
84 51
58 68
55 68
X
60 61
69 28
84 87
86 36
59 52
48 6
23 78
37 17
60 6
52 78
59 63
14 15
68 78
33 25
72 48
69 96
58 10
23 39
31 0
91 50
14 35
15 21
60 54
81 84
36 26
54 95
5 56
60 89
89 20
10 63
9 3
77 32
58 60
75 58
24 78
43 15
11 25
6 15
21 66
24 21
35 32
12 75
95 23
58 81
40 59
26 5
92 74
33 48
54 49
20 10
26 26
77 83
95 58
92 7
87 57
40 86
17 19
1 81
8 37
21 58
27 57
X
39 25
14 14
82 55
49 11
41 77
39 87
57 31
15 90
85 91
45 90
76 15
20 53
86 7
19 95
26 34
18 78
65 45
85 24
15 25
49 79
77 85
18 81
45 20
12 53
2 56
56 46
78 87
8 13
34 48
90 32
37 73
41 17
68 88
93 70
98 95
73 27
22 17
4 84
97 46
45 78
3 57
50 5
57 81
16 19
89 54
12 41
37 45
34 26
27 28
39 39
60 47
33 20
2 64
58 96
57 38
43 88
97 44
28 70
35 57
25 12
18 80
63 36
11 21
41 19
88 88
23 24
X
2 96
90 69
48 82
34 45
78 59
96 95
91 77
24 93
73 24
93 31
90 23
97 87
6 63
73 85
54 37
4 45
62 28
91 91
48 78
56 24
15 61
79 36
95 41
43 56
98 64
57 83
90 85
29 2
4 65
87 86
72 38
85 7
88 82
45 88
2 38
48 59
83 70
30 48
65 50
48 34
22 20
73 31
10 56
14 54
85 5
77 65
65 11
88 7
81 28
32 17
97 12
87 55
65 5
28 22
61 60
97 80
7 55
95 95
25 24
41 21
18 96
16 59
18 52
4 6
89 13
47 58
37 89
18 2
33 35
31 34
8 35
48 12
59 10
60 37
48 32
44 80
86 34
25 72
47 94
76 92
14 13
57 39
70 93
74 45
43 48
68 28
45 85
17 29
12 36
70 66
98 74
50 12
70 91
6 61
66 76
21 34
75 87
35 70
57 71
50 74
24 13
96 19
52 48
30 80
89 22
46 51
8 38
57 54
38 14
79 59
45 42
25 34
75 25
65 18
30 20
97 93
67 88
4 83
55 31
24 92
12 69
0 67
94 2
5 48
69 50
89 1
26 75
53 14
93 4
48 65
95 42
14 86
60 39
14 49
47 73
63 78
46 65
49 16
47 91
13 81
98 89
3 69
59 33
13 36
39 49
15 92
9 55
8 52
16 34
47 16
63 85
9 91
84 80
40 79
90 55
57 62
90 71
21 91
92 45
28 79
71 30
57 59
6 95
5 15
37 68
89 84
33 47
26 6
59 88
86 61
74 83
5 18
37 91
94 72
40 90
25 39
90 22
12 71
29 96
17 15
5 26
17 93
52 77
5 49
62 74
76 1
23 77
98 82
35 47
64 41
14 21
44 78
98 0
84 64
67 53
48 95
51 39
72 45
12 65
14 71
5 37
65 56
26 42
6 12
62 10
12 89
84 39
52 3
12 91
44 15
43 81
30 52
40 14
1 93
91 18
51 54
87 98
82 80
97 22
6 71
20 71
34 32
84 81
95 85
3 56
45 67
12 96
59 7
10 39
71 79
23 84
84 21
55 58
20 56
0 81
33 68
18 18
86 98
95 71
50 70
62 35
66 42
55 55
56 90
3 1
44 55
60 84
39 80
64 57
45 50
15 39
20 35
50 45
29 20
30 40
41 40
46 7
29 90
40 17
15 94
9 76
96 93
3 63
1 59
54 26
55 48
97 20
75 45
89 86
66 65
58 77
23 94
89 63
38 86
62 24
8 5
85 55
49 46
22 7
85 53
43 11
20 67
72 30
90 56
6 45
72 10
16 40
81 12
25 55
85 36
46 44
22 56
63 17
59 95
96 24
41 0
52 38
88 50
70 96
91 46
35 41
7 53
94 5
92 27
70 98
35 45
62 11
86 30
95 90
58 90
26 84
22 19
13 85
10 90
34 27
70 45
81 6
89 83
82 0
70 60
59 78
8 89
31 87
22 33
23 55
23 40
80 36
18 40
27 59
22 9
66 29
43 71
67 60
90 31
60 62
72 35
X
57 86
25 56
85 60
66 21
56 83
95 88
31 41
93 16
73 89
94 15
57 56
22 72
39 79
84 37
56 59
35 77
62 8
52 19
29 35
51 76
13 25
73 78
63 29
50 63
75 1
48 75
72 64
60 66
7 56
84 61
36 44
10 62
24 24
73 73
12 88
57 98
92 56
42 12
78 95
71 29
30 42
47 77
77 14
46 16
54 64
83 10
22 39
77 3
59 74
73 97
91 21
36 46
35 80
48 80
82 88
49 67
75 78
31 16
50 51
7 13
37 61
72 36
7 94
83 5
56 95
8 46
81 98
90 58
94 24
7 84
98 66
56 20
1 52
98 8
51 61
26 90
24 38
16 14
26 20
87 63
95 63
48 57
36 39
57 40
74 74
75 32
81 68
54 94
47 42
46 71
11 17
92 67
5 58
91 62
91 40
97 40
46 29
76 35
58 23
85 28
1 46
69 39
45 76
62 40
44 28
34 23
55 6
19 52
73 8
16 25
56 43
21 63
48 16
28 76
58 45
26 62
21 46
69 73
81 60
20 1
12 49
82 53
14 58
10 19
90 93
7 78
8 20
16 98
15 18
97 21
49 66
72 53
82 94
48 62
23 31
54 80
49 34
89 39
7 19
11 68
8 83
69 2
72 57
66 5
92 28
12 68
67 25
82 42
15 70
63 53
5 60
60 16
19 18
76 29
59 73
85 50
9 39
52 64
42 17
37 48
16 9
56 21
8 71
29 30
84 56
54 78
69 51
72 65
72 86
83 96
4 31
32 49
77 16
82 67
30 55
37 1
61 24
47 11
89 81
8 45
7 22
17 25
88 18
76 57
28 62
71 92
26 18
13 74
46 80
72 3
29 46
49 58
56 47
44 13
66 9
60 78
39 95
42 57
64 80
69 49
76 77
72 20
20 75
37 44
44 27
24 58
53 40
6 97
1 61
5 83
38 51
94 13
14 61
16 51
51 7
40 53
75 65
34 47
4 9
65 70
42 77
8 43
22 5
95 79
31 19
67 51
84 67
19 64
44 7
67 52
8 84
64 63
51 19
12 23
77 34
79 67
98 81
18 91
65 9
17 66
94 80
62 69
69 7
84 57
74 88
70 64
49 78
40 45
13 49
98 26
87 13
3 84
3 17
67 31
74 33
56 88
48 87
14 95
54 53
56 32
88 3
35 24
59 46
30 53
79 58
44 62
83 22
3 54
43 20
1 47
89 85
13 11
44 89
34 28
27 65
50 88
81 89
74 30
37 97
69 97
69 9
76 70
81 24
19 66
25 49
5 31
90 61
46 4
88 84
87 81
18 90
88 31
38 44
96 81
39 85
16 58
15 41
80 32
41 88
38 22
38 78
30 75
21 62
8 2
19 79
92 72
94 25
52 85
4 70
63 24
19 11
21 10
38 35
2 73
9 21
28 73
30 0
0 60
48 22
23 76
28 69
59 3
39 91
75 55
33 21
11 24
26 8
31 90
21 12
24 34
25 86
29 40
17 8
46 47
3 98
66 27
14 39
90 86
78 64
21 93
2 24
55 50
82 75
12 0
35 48
59 35
62 66
51 20
4 66
9 41
49 38
49 89
80 25
87 19
64 91
34 14
32 60
98 18
89 90
87 32
18 64
68 84
21 71
55 67
8 21
86 31
4 5
54 12
3 82
75 74
71 38
98 43
6 5
44 59
21 23
62 7
86 94
70 68
0 77
60 26
40 2
33 15
32 25
53 96
27 7
95 55
95 26
95 82
96 51
23 19
69 58
26 74
26 23
23 4
96 65
4 32
44 34
25 59
69 20
3 9
15 74
63 26
56 57
41 83
77 22
11 84
20 33
23 56
20 45
39 56
28 44
83 21
42 48
17 81
1 43
90 84
75 59
43 69
39 54
63 52
57 6
12 42
87 74
4 77
23 16
96 70
52 5
29 71
90 5
29 3
93 22
85 79
79 24
76 81
11 53
78 20
14 64
38 12
84 29
88 36
59 61
30 83
56 12
85 56
59 68
39 6
3 23
87 17
62 17
92 44
35 91
11 14
40 51
47 78
69 32
47 71
44 91
24 46
93 76
4 22
31 46
2 14
53 86
66 93
29 84
77 33
84 32
21 70
68 76
63 84
64 47
54 97
77 84
51 24
80 97
80 9
5 38
3 25
24 55
47 80
65 29
31 33
51 30
26 81
93 92
73 13
59 65
40 96
97 4
75 57
25 25
98 47
68 22
9 95
9 17
7 38
13 38
43 2
64 25
41 11
42 9
54 75
46 9
81 17
34 34
9 34
80 24
51 71
10 85
7 26
43 54
66 86
74 58
40 56
80 34
9 77
53 76
87 88
97 72
47 50
7 63
5 66
25 40
50 96
63 2
44 97
79 1
79 60
63 47
21 85
12 55
47 97
18 16
19 93
15 33
15 5
46 61
74 84
98 87
93 73
5 69
51 63
77 37
27 62
48 23
22 54
82 13
83 56
27 20
85 44
20 80
22 58
46 37
58 46
67 2
13 46
78 58
10 22
21 39
72 27
3 71
59 62
6 13
29 5
54 5
35 20
26 11
21 9
81 11
10 91
57 3
49 47
78 18
59 82
48 70
7 36
52 34
34 35
24 4
19 14
6 34
26 89
10 59
26 31
70 21
29 0
15 20
66 92
4 44
36 83
43 95
90 62
25 22
78 16
10 42
68 71
17 42
79 33
62 50
60 23
2 91
51 60
26 33
93 14
77 73
90 25
93 63
26 58
30 66
18 29
89 12
6 48
14 4
6 32
96 37
25 7
57 32
72 25
12 78
X
43 13
27 23
18 56
X
97 3
72 24
38 76
78 80
87 37
91 12
49 20
89 37
46 19
83 90
24 73
32 89
23 73
68 70
81 53
41 74
44 8
2 19
93 37
74 57
38 34
83 28
6 3
72 54
37 67
5 52
45 36
44 84
32 64
66 25
3 74
95 46
25 33
49 4
6 50
77 54
44 41
62 81
7 95
63 27
46 54
21 53
71 26
77 94
80 76
71 58
71 51
26 68
8 90
66 62
42 82
13 41
73 55
89 51
36 33
65 74
9 64
58 22
26 97
35 60
79 23
22 14
86 82
82 93
83 13
82 9
81 9
79 17
76 25
9 65
29 85
64 62
5 43
73 19
57 87
24 18
19 51
77 77
86 5
14 60
12 93
23 53
73 83
4 39
60 59
69 38
84 47
78 52
51 38
77 86
89 69
80 12
53 75
3 31
27 43
13 56
53 58
85 76
37 60
13 64
33 7
18 54
31 60
77 20
5 63
87 42
64 39
42 62
49 87
71 59
86 46
19 74
10 47
67 73
32 90
45 51
45 92
75 76
34 50
85 31
78 94
58 86
53 77
71 14
8 53
40 24
78 8
44 66
21 44
22 6
45 44
82 83
35 7
75 52
46 42
27 27
10 36
53 27
74 40
36 55
71 60
54 25
75 98
68 96
91 31
45 15
83 25
16 86
47 30
89 66
27 40
20 78
33 28
64 19
94 4
22 71
72 85
96 41
16 70
82 79
8 31
41 65
71 48
45 10
88 93
91 30
85 61
50 61
96 29
47 56
54 79
67 61
23 58
48 13
31 37
86 52
19 6
55 56
97 24
23 27
97 62
19 21
55 76
11 36
49 97
55 54
75 71
15 54
36 71
68 51
6 4
16 21
63 77
12 72
59 86
30 78
10 57
85 34
41 50
25 50
28 60
13 29
85 74
68 38
88 56
47 8
30 54
78 36
7 5
49 68
75 49
52 39
40 20
81 90
45 63
38 52
9 66
13 15
8 36
36 41
95 36
51 56
83 33
0 87
32 34
51 96
22 64
22 85
26 37
82 70
96 53
16 91
22 15
83 88
57 63
47 45
53 19
67 48
42 66
63 58
50 59
65 64
6 41
1 85
20 20
73 5
90 14
60 67
52 98
39 58
10 55
89 97
44 21
10 2
53 5
61 67
54 39
90 15
82 12
53 37
7 83
78 23
78 12
37 96
51 27
30 94
74 77
40 34
50 82
5 3
X
93 81
57 75
7 20
6 9
52 90
23 42
56 44
11 11
22 78
97 71
84 7
32 93
52 57
12 44
68 52
35 69
52 47
60 40
26 44
62 64
50 40
52 44
42 85
49 60
74 91
47 13
67 98
97 36
32 82
7 52
98 40
86 45
53 29
0 45
72 51
65 59
32 19
76 50
52 54
78 21
49 73
93 29
30 19
19 46
98 42
14 5
7 23
33 95
75 38
78 96
73 61
91 68
3 91
47 10
16 50
87 14
35 66
35 18
17 28
7 98
5 70
12 28
44 22
59 93
85 10
12 58
31 1
8 26
77 80
73 96
68 94
96 59
78 37
83 82
24 33
73 94
89 42
42 15
6 47
31 67
78 38
82 6
67 17
95 48
96 30
63 37
56 3
36 15
74 16
26 39
98 96
24 44
13 70
83 46
3 86
38 25
64 24
8 27
92 51
1 55
82 46
84 59
15 88
87 41
4 58
0 46
24 27
15 52
65 38
7 86
33 34
88 78
13 50
28 32
90 67
73 4
67 76
39 30
2 90
18 42
49 40
3 87
67 50
31 20
79 11
67 4
95 93
37 41
72 94
8 56
79 56
42 61
87 1
0 86
95 92
60 77
33 88
52 53
8 75
3 85
21 25
71 72
46 36
29 24
23 17
89 82
92 88
16 69
53 53
80 79
35 56
19 54
77 40
4 26
21 33
29 19
34 56
89 14
74 86
26 27
15 1
52 65
94 34
56 92
57 72
61 38
79 68
89 93
3 35
67 91
71 44
88 91
2 88
39 48
18 0
9 12
86 80
81 79
42 70
69 91
55 49
42 1
35 58
88 23
30 46
48 76
24 40
6 59
68 4
38 91
86 64
79 9
85 70
60 48
10 34
78 72
1 10
8 44
44 65
49 19
20 3
8 92
45 77
40 74
85 82
90 53
92 96
89 41
94 89
33 60
38 82
73 29
13 53
25 93
34 77
46 55
14 77
38 84
36 63
50 71
29 6
54 93
26 13
53 73
55 40
37 33
67 78
37 23
6 93
31 55
75 73
45 22
48 63
25 92
64 48
86 6
36 19
72 44
51 57
52 15
8 15
75 82
66 72
10 15
56 1
9 10
15 65
57 20
27 46
79 31
31 69
89 98
16 26
95 68
49 36
84 69
74 10
86 9
39 43
14 84
60 33
48 24
15 15
47 29
77 35
90 64
65 44
5 8
1 9
14 33
82 65
58 55
24 30
12 94
95 53
68 63
61 70
9 83
33 65
51 47
69 35
51 48
71 49
89 94
64 93
37 90
53 56
86 35
19 67
9 2
6 64
29 21
82 81
77 55
39 20
91 86
18 53
9 94
68 21
37 6
93 5
63 72
21 1
73 76
29 73
64 40
50 4
95 49
55 41
50 35
11 92
15 59
11 23
28 77
55 94
65 94
89 25
0 63
55 91
86 24
84 20
35 27
26 77
10 66
73 56
82 69
10 13
76 42
16 12
11 34
59 55
3 64
36 0
37 18
9 87
35 50
80 71
74 34
35 28
46 66
93 59
31 42
84 13
72 43
91 73
96 44
4 60
19 81
56 82
45 19
44 47
81 7
39 89
25 23
17 4
72 33
36 31
47 20
44 76
53 93
29 89
45 49
78 3
50 13
18 82
8 55
95 81
37 43
78 56
20 82
43 17
15 19
38 66
5 21
63 79
95 74
92 54
5 93
39 86
20 57
23 68
53 64
87 96
23 93
50 22
79 62
87 40
94 21
27 22
32 62
28 46
98 13
43 18
4 30
97 49
90 68
8 10
47 14
38 67
19 56
9 18
65 54
46 52
12 59
16 28
32 88
67 5
44 82
42 88
X
71 46
50 42
4 7
21 54
34 46
65 6
53 52
98 80
53 78
98 15
83 7
86 56
84 6
36 61
55 0
41 46
72 14
55 62
53 0
89 75
80 57
X
39 23
95 59
30 90
92 42
17 1
38 81
23 61
52 35
91 24
26 36
87 54
19 77
66 53
70 26
31 66
3 72
31 89
25 97
15 51
71 63
29 91
50 55
52 10
67 58
44 77
57 37
67 42
70 37
33 32
57 24
51 65
74 56
65 42
65 7
52 58
13 54
34 67
27 6
20 23
42 83
62 67
2 50
84 83
96 48
59 69
30 93
74 25
26 43
63 30
40 84
40 67
71 42
38 7
79 82
28 17
48 86
58 93
49 85
26 79
28 40
28 28
58 65
38 11
63 3
54 3
3 45
21 79
20 28
10 26
13 76
17 78
14 79
68 87
63 71
36 87
13 83
10 83
69 4
50 91
81 46
70 14
77 62
47 89
31 8
28 29
65 72
30 33
79 40
41 73
94 3
6 78
25 3
25 6
7 15
97 56
97 55
42 42
76 84
90 40
68 77
61 62
52 79
14 70
98 65
78 86
88 58
4 16
3 77
34 70
86 22
17 72
34 85
0 59
56 39
5 35
40 38
82 23
5 44
28 8
18 33
93 36
91 58
76 19
25 48
4 59
94 56
83 97
13 91
14 2
22 65
8 67
61 2
24 43
85 92
97 9
20 69
16 88
96 13
90 42
51 78
14 94
40 32
8 87
86 33
69 92
13 8
79 54
7 32
54 61
71 97
88 81
15 56
65 91
71 36
41 60
46 88
38 63
6 55
78 60
15 57
93 30
14 62
81 71
17 95
9 50
57 21
28 51
49 7
16 42
38 80
61 66
9 20
69 63
50 30
46 91
49 88
11 76
38 95
46 76
43 60
6 14
5 85
88 35
50 33
55 22
81 20
54 70
10 77
84 25
32 77
29 34
55 25
64 44
35 75
76 65
61 37
94 31
13 7
15 16
57 78
62 41
22 21
53 12
90 35
30 91
80 14
71 27
94 36
69 3
97 19
75 81
74 27
83 69
22 79
30 1
63 61
70 62
37 49
94 35
82 51
69 71
14 65
21 15
87 70
65 43
57 80
21 92
34 33
59 87
65 19
58 76
37 83
90 54
38 43
96 86
47 19
47 33
31 50
25 43
46 75
89 15
39 16
45 81
14 83
76 63
63 54
25 57
97 51
77 75
34 87
91 70
X
69 40
35 37
73 53
12 37
46 59
17 2
58 39
61 75
23 50
55 73
42 65
9 71
76 85
22 59
11 40
35 9
83 35
44 46
98 16
61 57
7 71
54 73
49 23
66 80
42 47
42 92
85 43
67 44
17 74
56 65
57 12
32 74
22 66
54 31
2 63
30 82
90 92
54 14
68 44
25 17
46 43
15 8
55 78
83 19
13 35
1 73
92 93
32 6
48 46
16 76
2 32
16 16
23 95
89 52
41 37
36 38
26 85
37 81
44 35
54 51
16 24
82 34
78 4
8 8
65 96
74 3
71 24
3 59
84 73
43 36
11 41
25 52
36 82
16 78
44 24
3 68
67 93
4 87
93 57
98 29
15 4
81 30
5 25
82 40
6 89
64 76
68 95
18 14
93 83
58 91
80 89
1 67
35 65
17 89
1 45
36 14
47 31
15 85
0 14
37 82
77 98
32 63
53 39
9 79
6 87
54 82
95 87
0 9
17 48
70 61
63 31
39 2
12 11
6 44
77 12
63 55
68 39
10 43
85 22
73 75
22 22
7 11
52 29
69 93
28 31
60 17
66 73
92 21
69 66
3 39
20 60
3 11
82 19
70 41
81 8
54 36
45 68
79 71
34 7
90 77
63 80
30 44
33 80
27 79
68 50
61 88
85 64
4 88
20 40
62 26
62 89
41 24
2 18
28 66
9 8
70 6
15 49
64 71
32 86
78 9
56 28
71 65
79 86
65 95
30 57
85 29
39 32
9 35
25 45
4 85
88 42
46 46
65 39
45 83
29 26
53 42
72 40
94 29
42 87
55 33
3 26
10 69
54 50
40 57
4 82
81 57
17 58
48 67
52 62
22 81
19 89
66 50
93 33
8 4
22 43
46 14
49 28
38 74
80 44
38 32
78 13
11 43
56 11
88 16
55 69
27 73
56 60
72 75
1 0
28 41
41 95
29 25
75 63
88 34
38 8
48 53
18 43
5 40
53 41
23 32
83 48
31 36
66 46
15 12
22 53
82 26
68 54
62 38
38 49
83 9
30 18
14 16
90 74
24 9
59 37
67 71
33 91
72 50
37 27
56 54
6 52
53 2
42 18
35 13
96 9
97 48
29 72
16 18
93 55
77 76
44 67
43 38
11 71
64 37
56 93
60 55
34 25
32 45
80 91
15 62
9 14
42 23
43 9
38 17
57 13
44 92
6 6
14 76
71 81
54 2
28 71
23 34
53 68
22 1
22 41
2 54
63 9
83 73
88 57
23 92
22 12
61 78
64 3
37 52
4 61
6 53
45 45
78 65
55 13
95 62
91 60
76 61
83 20
15 48
92 38
67 32
75 56
42 93
87 45
83 91
44 63
21 69
60 72
28 47
66 58
78 71
55 10
50 43
86 2
79 46
12 86
67 37
86 23
85 17
43 78
89 71
72 55
11 98
57 4
15 6
34 43
89 92
64 10
53 23
76 88
57 93
48 71
32 59
37 78
21 13
X
98 86
98 24
91 22
78 29
50 29
27 53
X
65 51
10 73
86 55
55 34
20 65
64 38
8 9
19 43
62 59
63 56
97 94
91 5
87 64
72 18
87 33
84 84
35 40
16 56
43 25
96 3
64 46
70 59
4 15
82 2
54 60
10 20
76 67
23 12
79 92
36 58
67 62
52 7
42 75
88 14
91 26
49 51
80 56
79 70
7 91
3 89
90 33
81 36
92 0
13 28
20 51
10 10
97 91
39 59
8 66
54 22
6 68
11 20
77 28
45 86
61 10
57 52
74 82
46 12
82 10
64 78
69 94
7 28
62 80
41 6
82 32
27 76
87 2
82 52
95 10
6 96
65 75
77 88
29 51
30 8
64 2
44 1
6 38
76 18
65 88
81 73
92 14
34 82
36 7
30 77
28 19
95 6
95 27
32 46
5 88
5 68
37 20
20 30
73 42
13 55
33 85
24 98
53 47
76 90
81 29
15 47
76 21
14 56
62 83
21 67
57 61
53 22
98 84
42 74
66 54
66 75
15 58
42 86
11 88
69 59
88 92
22 35
57 85
75 77
47 39
49 90
96 50
16 55
89 45
81 34
76 59
79 13
88 26
97 41
29 1
5 4
4 17
97 17
24 80
35 14
9 51
93 94
25 62
54 15
10 8
40 55
89 80
6 20
4 12
24 88
54 6
39 63
33 46
29 52
13 73
4 97
1 58
94 7
98 88
54 11
72 8
62 92
93 12
13 12
96 71
64 55
50 69
17 24
40 44
56 68
83 74
77 15
18 97
38 62
56 15
23 38
32 75
34 21
43 32
97 65
91 57
2 28
33 71
19 16
84 23
35 29
15 83
39 74
47 62
25 37
9 78
45 33
36 78
57 82
39 93
46 41
61 92
79 65
59 64
66 19
84 94
27 29
14 3
84 66
2 81
74 85
68 60
28 53
60 70
68 3
85 33
71 43
41 54
28 45
23 65
43 90
51 10
66 55
39 92
47 67
30 51
80 2
76 54
42 21
3 51
98 35
29 65
38 48
70 22
17 61
5 86
84 76
37 11
2 13
11 73
39 28
49 29
40 37
82 8
17 56
96 28
83 32
75 94
70 48
86 59
98 9
12 45
74 35
14 20
33 23
24 69
14 90
63 10
94 82
11 87
33 33
54 57
57 96
82 35
38 21
81 13
3 58
39 34
97 25
78 19
73 77
71 8
65 46
97 7
82 92
54 20
32 67
91 37
55 80
2 72
61 71
34 11
39 60
37 13
70 10
83 39
4 38
51 59
51 58
74 71
83 83
25 98
6 75
54 77
41 39
57 14
40 10
63 18
54 44
86 21
72 73
39 14
65 23
48 29
32 39
18 41
77 36
33 79
49 33
56 26
37 19
10 89
12 16
62 48
60 90
2 68
80 50
6 67
30 2
74 72
21 61
34 71
40 68
81 75
6 51
89 78
89 18
25 76
0 11
19 17
58 69
73 88
8 77
81 78
17 50
3 83
93 88
29 8
52 33
74 81
50 24
41 85
98 17
62 60
78 88
46 87
63 12
66 6
64 95
60 2
47 53
81 18
63 16
78 22
64 77
15 84
86 13
91 66
24 86
38 65
32 24
97 95
39 47
23 33
81 93
19 19
80 87
23 26
39 18
81 54
11 46
73 93
48 68
42 91
54 45
68 26
71 94
63 98
24 81
1 44
47 27
45 95
82 58
23 15
X
50 47
83 65
65 41
22 11
54 92
1 95
80 78
24 56
12 97
41 43
42 59
44 56
4 10
39 65
33 69
83 29
95 3
76 51
16 2
89 70
24 61
6 79
27 42
X
79 69
29 18
76 60
2 51
91 19
44 49
80 55
24 60
46 49
12 4
17 73
85 68
37 15
47 21
7 37
79 73
28 15
5 47
11 85
80 11
92 95
8 63
66 23
55 27
27 10
56 10
8 19
33 75
86 78
18 63
29 9
42 2
15 97
25 18
98 92
95 96
41 87
51 2
30 89
70 58
28 9
79 38
2 25
39 55
24 22
47 49
88 94
21 98
58 59
85 66
14 93
59 28
32 54
50 58
19 12
76 64
89 36
98 69
73 37
90 21
95 38
78 44
74 93
74 76
80 59
11 28
54 16
X
50 77
56 23
10 65
57 53
45 29
50 76
20 94
48 33
86 19
60 1
54 72
84 36
48 51
95 86
40 3
68 62
43 84
49 82
83 68
65 34
29 10
55 70
60 92
63 43
8 76
57 47
89 26
95 30
85 62
55 51
75 60
88 33
90 45
69 29
20 16
93 64
40 87
40 52
39 73
97 66
93 68
32 29
15 69
64 58
54 4
31 47
40 22
69 95
70 52
37 12
42 38
81 44
64 60
69 46
38 55
84 5
74 31
19 82
32 51
74 6
96 75
74 60
75 40
72 93
51 90
9 16
59 84
48 8
98 44
51 75
2 34
57 57
7 82
35 33
93 28
45 96
75 24
21 24
83 34
94 19
58 40
93 74
32 92
43 87
88 8
39 83
7 64
7 87
28 5
81 83
66 84
35 68
64 29
25 32
94 57
22 10
64 64
60 60
69 81
56 91
87 34
15 89
93 89
12 27
51 41
33 62
45 14
81 74
45 58
14 78
38 29
47 15
20 81
68 41
10 87
90 94
68 30
92 53
21 78
89 65
66 91
98 70
89 56
49 94
40 42
6 30
85 54
2 97
54 54
26 55
61 56
13 71
3 10
39 0
13 75
87 71
47 22
50 87
89 35
38 41
91 93
61 23
8 80
79 8
71 25
41 81
24 42
12 82
97 47
73 36
42 96
39 15
80 77
48 52
58 9
15 9
40 1
14 11
83 87
63 82
78 93
71 33
40 0
57 27
33 19
79 22
82 68
93 90
50 52
80 61
41 44
0 47
10 48
73 30
15 86
40 78
53 69
55 14
67 24
86 11
22 2
76 34
26 9
76 75
84 18
84 8
27 15
63 28
46 38
88 12
79 88
1 12
56 14
43 31
37 29
39 96
89 40
64 82
40 13
64 17
32 38
5 17
37 53
85 67
58 64
31 75
71 2
3 92
60 63
12 92
20 52
87 93
89 44
19 33
79 72
67 89
80 49
10 14
67 10
1 29
51 73
98 4
80 66
12 63
3 70
70 81
54 48
30 31
61 83
52 16
75 92
41 89
29 82
40 15
72 67
34 68
2 23
76 30
2 46
36 79
3 96
19 90
66 90
46 10
87 8
73 21
10 28
79 78
15 50
70 3
59 23
95 1
6 19
49 55
8 32
27 69
22 23
55 57
33 63
91 1
5 32
9 26
92 20
71 77
44 17
18 22
19 69
79 89
76 79
35 83
95 24
93 39
83 85
38 45
1 82
75 17
96 39
67 47
45 75
86 62
3 90
14 48
3 33
62 78
68 53
71 93
78 78
54 91
7 9
84 92
70 97
22 67
45 46
33 59
42 37
63 19
92 43
11 27
2 27
0 21
84 16
88 89
13 10
14 81
21 77
5 84
63 70
83 49
29 28
92 13
11 89
42 56
38 19
13 39
88 66
10 49
61 74
82 91
37 22
74 49
30 35
94 90
36 29
39 46
54 17
69 1
54 0
68 89
76 43
67 3
74 32
45 7
21 42
69 67
35 17
29 36
40 39
88 43
92 89
79 90
26 22
54 46
30 10
43 72
7 65
45 27
30 79
25 83
41 27
72 68
90 16
70 28
12 76
24 52
29 76
33 55
71 1
72 70
90 34
33 51
40 48
53 63
53 79
X
26 66
41 76
35 51
50 39
45 18
41 56
45 56
4 54
6 80
59 59
91 83
3 19
32 78
19 58
43 3
97 69
36 57
48 55
94 32
7 25
57 55
18 72
3 93
66 44
77 10
13 34
93 60
16 57
90 20
3 24
96 43
72 2
26 50
51 55
92 82
43 67
21 22
8 81
44 81
94 74
56 25
65 55
20 2
98 67
20 24
3 76
56 0
8 70
67 38
32 80
8 16
1 69
7 14
4 34
90 91
16 96
25 21
83 98
12 24
81 50
43 7
55 28
69 56
45 21
44 9
90 43
24 16
10 94
76 91
86 8
46 62
79 4
47 54
85 32
37 32
76 40
52 9
39 84
54 47
64 11
92 81
72 76
60 91
0 12
62 65
44 39
77 1
16 52
25 68
38 27
85 81
45 53
30 87
86 20
38 89
75 50
34 15
10 54
20 22
6 60
56 7
35 87
71 76
12 77
41 22
97 13
75 70
51 5
95 44
2 82
35 76
16 41
60 27
45 11
48 47
30 97
12 9
X
80 8
79 41
85 78
6 24
27 33
17 57
23 22
15 78
23 54
69 62
13 62
61 64
89 24
34 38
34 22
41 70
X
42 90
48 93
87 24
22 62
84 62
59 24
77 61
26 14
22 8
35 15
74 98
91 25
1 15
13 48
11 39
95 11
23 18
58 78
36 42
20 29
36 20
35 81
51 53
45 60
38 28
55 53
72 95
35 46
53 50
13 98
87 87
59 81
53 38
63 67
61 61
56 53
28 68
61 94
38 87
53 3
71 0
72 28
59 29
93 77
6 11
56 48
2 58
94 81
57 9
88 86
33 49
4 33
36 93
26 15
90 41
61 17
41 23
54 10
85 39
31 63
39 70
44 75
1 98
69 98
30 16
13 82
83 81
31 45
27 87
23 57
22 57
58 38
33 86
6 74
66 32
51 92
33 74
12 38
20 44
68 37
47 36
80 82
19 75
52 61
83 18
32 50
64 1
62 77
73 0
48 97
38 59
59 22
55 12
24 74
89 55
61 15
94 11
52 23
84 88
7 1
9 33
68 93
68 29
31 48
65 89
1 13
45 13
67 95
23 28
42 89
41 82
92 86
4 86
37 46
89 49
16 95
22 47
9 80
36 23
41 41
87 36
47 43
12 66
59 79
53 91
1 60
12 43
92 57
81 10
75 85
73 71
40 75
6 16
57 91
39 66
22 45
62 29
79 34
23 80
24 76
24 85
60 88
39 26
21 38
41 79
88 0
84 63
50 8
94 63
34 74
81 3
48 17
94 23
18 60
38 96
33 37
80 46
60 81
73 51
34 57
54 7
70 42
5 0
84 19
46 79
64 27
72 58
38 18
5 13
79 32
37 30
63 6
53 21
36 27
41 69
3 18
1 23
69 21
92 2
27 48
95 13
51 70
27 77
25 27
76 0
13 37
17 92
37 51
43 57
74 63
6 81
7 8
53 44
43 10
14 53
12 10
48 40
51 42
27 9
50 38
83 57
23 60
16 71
47 63
24 11
68 43
26 4
92 30
22 70
12 13
63 45
29 48
43 92
78 53
83 24
50 49
49 30
70 74
90 60
74 20
56 78
62 61
79 95
75 37
X
43 29
73 58
43 8
55 45
64 61
12 35
16 77
19 60
71 54
88 95
61 27
11 93
84 85
58 16
5 89
9 48
53 85
72 87
16 73
48 39
7 68
74 9
46 93
79 85
50 89
75 44
83 16
30 60
13 63
56 22
4 68
44 18
78 81
49 5
52 75
93 2
43 63
90 37
23 59
13 26
98 7
9 81
35 73
4 48
95 69
29 31
55 24
64 26
56 86
74 46
97 96
60 0
39 72
57 2
4 89
88 46
4 63
2 83
73 87
68 17
94 91
69 64
91 43
61 8
62 36
34 81
68 81
9 9
82 33
12 34
50 57
83 92
63 92
39 37
45 79
1 56
5 22
78 89
82 39
69 36
83 80
87 12
51 43
96 78
70 71
43 65
44 11
32 98
60 82
3 95
1 96
62 90
96 94
80 96
9 72
74 48
33 70
92 16
16 68
74 29
24 72
20 98
96 55
70 43
14 82
15 75
34 39
91 67
67 94
2 60
78 70
17 22
2 67
14 74
25 78
79 63
70 92
17 80
94 33
17 33
77 46
4 41
85 9
64 75
21 57
25 26
43 24
21 76
63 66
40 89
91 15
89 50
12 29
16 80
65 31
69 26
14 17
75 29
96 33
27 84
49 76
84 2
93 72
96 96
80 70
37 56
25 44
77 87
12 79
24 70
0 93
28 3
21 60
48 81
55 36
49 54
37 64
79 20
93 32
69 23
49 13
40 47
75 10
58 6
35 79
10 64
72 63
11 74
48 69
22 94
3 28
22 77
21 4
9 90
81 77
9 46
49 59
21 64
42 69
88 52
59 48
63 46
44 16
19 34
7 18
74 17
96 31
80 60
88 67
47 92
56 5
36 68
1 77
66 71
72 19
8 72
21 65
84 82
36 69
55 52
6 1
98 34
25 31
5 53
88 80
24 20
16 22
96 14
49 91
78 90
97 15
86 87
73 52
35 95
89 33
4 11
74 37
26 47
51 33
4 23
85 38
39 78
72 9
55 83
35 42
64 81
15 68
23 98
32 42
91 54
52 59
76 80
45 47
36 64
96 68
33 22
67 84
5 34
59 4
14 12
54 41
50 21
56 56
57 28
7 96
89 5
57 92
98 46
51 17
66 63
29 56
73 38
74 36
58 34
98 61
88 55
55 60
83 75
84 10
70 49
3 88
53 83
77 66
74 1
48 64
66 88
38 6
17 3
65 40
7 3
10 76
78 54
71 90
20 34
81 31
35 8
54 43
23 64
10 98
49 63
32 40
71 35
92 40
36 24
84 68
84 34
24 48
50 46
28 48
5 14
39 29
11 66
42 13
58 67
79 29
24 39
1 14
92 60
68 75
58 98
19 55
49 24
80 90
88 6
85 98
66 8
28 1
18 34
18 68
11 65
51 9
51 62
45 12
36 76
17 55
34 31
48 27
94 93
20 63
14 38
77 93
80 26
41 91
23 81
19 45
7 21
38 71
28 2
59 26
43 74
69 89
32 65
5 41
50 11
84 3
58 56
19 53
88 13
87 77
80 88
26 10
18 98
68 10
24 41
25 5
94 16
23 45
5 1
4 81
56 6
10 9
30 9
21 95
46 39
59 18
96 46
81 94
26 60
87 56
51 6
23 91
14 26
44 70
70 70
95 29
56 63
15 80
47 55
43 68
5 2
96 2
58 15
85 72
2 89
38 36
53 46
5 65
41 78
54 71
5 5
58 52
21 68
35 74
59 77
34 80
38 92
59 75
87 76
78 47
16 49
95 5
81 26
20 15
12 56
11 57
61 55
55 75
65 28
37 0
49 37
23 21
53 57
90 30
38 26
40 19
15 63
98 22
76 38
86 14
4 47
94 53
96 76
56 62
18 58
57 10
41 94
87 82
15 37
91 33
49 70
17 60
68 25
59 57
41 58
26 30
38 57
21 74
13 72
7 81
67 30
44 93
56 58
48 18
49 86
25 47
71 50
82 17
65 32
X
73 74
46 17
85 19
7 59
43 80
50 75
65 4
34 20
66 81
26 69
27 30
67 92
15 2
12 85
55 20
12 54
50 78
43 34
21 96
34 58
32 66
17 18
49 35
14 34
86 88
7 85
10 35
46 32
5 30
90 75
21 27
49 71
37 57
74 97
72 88
42 45
43 75
80 95
29 79
53 92
19 10
72 74
42 14
96 42
X
87 90
58 53
62 47
65 84
93 56
27 3
38 50
3 29
10 71
4 52
44 33
36 81
16 90
30 81
85 11
71 12
85 37
8 25
29 29
40 41
56 55
85 63
2 87
56 72
28 7
7 40
49 93
91 14
22 61
17 26
77 79
81 19
18 92
74 43
80 58
37 50
71 56
17 75
81 55
43 50
49 62
55 23
82 96
57 79
24 25
36 22
11 30
53 89
55 93
26 3
28 27
37 47
55 29
32 37
21 59
20 77
10 27
80 21
14 50
44 29
66 7
42 20
17 71
96 54
11 94
46 81
97 83
53 7
73 25
97 54
87 5
7 61
49 77
14 92
48 42
4 93
43 23
2 76
56 8
95 31
36 17
59 72
73 33
38 93
66 20
26 98
53 20
60 75
75 9
24 3
22 76
28 43
64 84
66 60
10 97
44 88
47 46
64 5
97 82
47 66
36 74
45 80
2 26
50 56
87 20
70 24
79 83
54 23
63 15
63 57
78 28
52 22
54 42
66 98
37 35
4 80
84 17
47 96
6 88
66 74
85 77
90 59
47 47
97 53
5 12
39 77
21 11
22 4
45 94
79 66
62 12
81 56
83 63
52 81
13 84
81 14
62 56
72 42
14 87
55 92
47 72
38 60
50 66
21 14
6 27
77 2
5 19
57 77
9 69
44 53
43 82
15 93
12 21
72 21
49 81
97 63
54 85
73 32
28 81
12 74
39 64
7 70
2 57
5 16
26 53
89 0
61 41
55 59
6 76
78 63
54 19
39 22
46 34
61 81
96 27
14 24
X
43 61
43 47
46 78
66 82
51 91
34 19
79 49
94 94
65 98
6 58
10 12
46 3
33 72
79 57
89 32
1 11
97 32
34 62
28 13
2 33
76 13
40 5
88 96
37 62
93 53
20 95
41 1
66 4
32 91
59 36
10 88
53 13
41 42
44 79
37 84
35 26
67 8
8 78
97 84
0 76
75 89
72 7
74 4
42 76
43 91
7 27
60 76
76 83
91 36
41 14
8 98
66 2
89 67
23 20
39 10
12 12
85 86
27 1
91 72
46 8
49 52
48 11
5 27
95 28
69 44
29 47
55 47
41 45
39 61
89 58
25 90
68 72
72 96
92 35
94 76
96 38
53 11
49 3
70 23
40 7
23 13
52 80
44 6
10 11
54 40
23 71
79 64
48 73
3 5
47 57
77 50
71 61
42 50
53 60
59 27
23 3
7 50
66 95
83 64
28 12
45 30
31 22
58 18
72 22
1 91
15 95
35 84
25 87
22 16
77 41
73 7
31 82
73 72
92 64
89 38
58 17
89 68
52 20
27 44
50 28
62 79
33 67
62 94
45 71
82 77
25 66
75 79
6 7
73 44
6 65
22 91
70 27
89 57
85 23
7 30
80 33
4 29
17 77
31 40
25 28
1 30
21 87
77 70
92 94
70 89
58 97
96 80
56 27
28 20
55 44
6 70
9 96
57 76
13 9
40 69
59 94
22 63
75 53
65 81
70 12
60 73
79 7
59 17
8 51
55 98
90 36
38 77
18 57
68 91
5 59
62 49
X
98 11
71 10
20 39
70 7
0 57
61 63
36 40
45 28
90 82
0 52
86 44
84 86
32 48
58 41
70 54
82 15
9 86
71 91
16 84
9 40
50 50
58 37
86 70
4 40
68 56
75 75
56 73
48 91
92 4
67 29
54 52
48 44
82 56
9 70
45 98
92 6
82 97
92 69
49 42
32 97
59 89
9 45
42 58
57 29
12 95
66 56
65 53
36 21
94 45
19 42
40 40
23 52
86 4
16 29
51 22
23 36
80 0
45 34
38 42
36 28
66 43
82 87
54 59
69 37
57 5
18 25
59 53
11 83
74 95
14 8
77 90
45 8
8 97
20 7
68 48
16 66
76 16
92 12
46 13
3 53
27 49
29 55
30 74
33 94
74 2
23 30
64 56
24 47
63 11
59 70
66 89
82 98
46 48
13 13
43 86
68 23
58 32
66 45
46 31
78 85
85 18
16 64
32 28
74 78
56 36
0 72
58 95
25 38
77 43
37 34
97 58
56 45
16 7
80 75
7 74
61 39
19 76
54 32
0 97
11 26
75 88
56 34
42 22
96 40
8 74
89 6
46 63
72 39
21 45
71 55
78 2
34 18
94 10
98 12
71 95
82 89
97 2
22 73
42 84
94 9
17 51
53 4
14 25
25 69
27 86
10 44
20 43
79 47
33 93
42 94
88 68
83 89
30 6
95 57
79 16
90 98
35 31
59 15
17 13
50 54
69 52
2 52
15 14
28 34
21 41
35 64
49 18
83 60
4 19
71 78
47 65
17 52
48 72
95 0
5 95
55 43
84 4
57 67
32 13
59 45
41 86
38 47
22 46
23 43
72 4
68 82
82 85
77 81
62 37
8 18
95 4
41 36
19 59
11 16
52 8
65 80
96 72
76 4
81 67
92 3
86 29
87 94
74 23
13 27
53 54
22 29
55 72
56 51
72 34
24 31
21 7
93 67
37 25
36 67
19 23
39 52
52 2
79 81
70 67
54 13
4 78
36 92
58 83
12 64
71 96
97 70
78 11
98 21
14 29
75 31
21 97
3 38
53 1
1 92
26 87
1 57
36 56
61 76
58 63
70 57
67 75
23 69
97 38
22 93
66 26
80 15
80 94
73 26
2 29
45 41
95 94
13 45
88 25
7 76
18 10
74 89
43 79
85 8
56 61
8 88
88 17
14 36
61 40
41 49
85 6
82 84
30 29
59 83
51 49
34 51
52 25
48 96
34 79
70 90
18 8
31 97
19 8
46 50
78 30
80 10
26 82
13 17
69 31
29 32
11 37
16 35
88 44
53 81
40 49
26 25
75 13
80 23
20 17
18 21
23 11
61 90
65 12
44 32
11 82
77 30
75 36
24 97
71 13
20 9
32 47
34 60
19 41
4 0
50 23
95 2
42 6
33 36
34 49
87 67
X
60 69
59 91
84 12
12 18
77 29
92 63
39 27
41 90
72 26
27 66
62 23
67 54
15 76
69 6
38 70
75 48
12 15
68 47
48 54
45 54
62 70
13 96
50 81
27 11
28 14
11 45
38 13
78 45
69 41
10 60
22 68
36 77
57 11
10 41
15 28
54 74
12 2
97 26
1 94
50 17
76 89
49 75
21 55
19 70
72 71
84 95
28 18
59 16
16 27
20 21
53 67
51 18
18 35
38 30
22 18
35 21
78 1
1 18
5 39
92 41
83 77
2 9
57 69
28 4
73 14
5 71
83 2
93 93
94 64
27 2
80 13
61 91
31 21
58 3
38 46
62 73
51 74
24 91
78 50
33 52
70 36
80 98
43 96
32 16
18 45
5 42
2 12
74 41
96 77
22 38
31 81
34 55
75 7
90 95
26 54
8 82
30 5
77 44
27 45
9 6
97 64
24 89
68 90
67 16
39 76
4 35
28 52
42 39
4 1
98 1
59 11
64 7
73 98
14 9
74 38
39 1
63 81
65 60
52 4
57 26
41 63
31 74
1 35
17 41
19 91
94 6
47 17
41 3
50 64
9 43
18 1
58 24
59 39
80 3
30 45
60 28
47 69
73 2
98 91
73 9
77 21
X
31 92
67 45
48 85
28 49
61 29
10 67
76 87
X
54 58
X
6 21
X
79 61
17 14
X
27 90
32 31
97 57
55 32
7 10
61 36
X
X
X
97 43
73 43
18 71
X
X
X
X
64 49
X
X
52 52
X
X
X
57 34
61 77
X
X
X
88 53
7 2
37 36
X
X
X
X
X
20 73
87 52
X
20 27
X
X
75 91
X
73 59
63 75
30 39
X
76 78
94 44
37 92
X
86 83
20 14
X
24 53
39 90
83 38
37 87
X
40 12
X
62 25
69 55
22 30
X
30 86
33 64
64 72
X
X
X
X
27 14
11 54
67 81
39 53
X
51 4
57 90
X
55 88
88 28
53 59
77 91
75 33
98 31
X
X
87 38
4 76
1 48
36 62
X
44 48
70 20
X
28 42
X
X
X
87 3
77 24
36 49
X
86 41
23 2
4 3
X
74 64
X
2 59
61 85
X
X
8 57
20 72
27 74
X
X
X
5 74
X
91 20
66 66
5 55
30 43
X
15 64
X
X
X
X
11 59
56 87
X
27 82
65 49
96 32
10 93
X
12 46
44 60
21 17
X
71 34
X
X
86 37
69 83
X
71 70
87 35
X
X
94 77
X
11 22
21 94
X
18 5
X
14 69
0 15
33 66
X
X
60 29
34 88
X
83 40
35 92
X
2 86
X
37 77
X
X
39 57
X
X
6 94
X
X
36 88
X
X
27 60
3 27
40 77
X
11 72
X
X
21 28
24 75
28 78
85 16
14 88
27 39
58 80
X
X
55 82
85 35
63 35
78 79
39 11
X
X
X
X
29 97
X
X
11 33
20 62
20 55
X
X
X
X
11 69
59 38
85 51
42 95
44 58
X
28 74
29 81
39 51
26 28
98 78
90 0
13 40
2 0
53 80
98 51
X
55 19
X
X
15 34
X
X
58 4
X
X
80 93
X
38 33
34 65
67 77
X
25 30
29 4
X
5 10
93 27
22 44
X
12 7
X
22 95
64 96
6 42
95 47
X
21 21
X
X
87 44
X
55 79
10 84
X
X
X
96 89
X
19 73
X
X
50 72
32 41
90 76
X
X
X
24 94
54 86
54 21
28 91
X
26 73
48 56
66 34
X
78 35
X
X
8 12
56 94
X
X
60 71
X
18 28
42 63
90 46
18 62
X
31 39
38 31
57 23
47 7
X
X
X
X
52 18
X
31 2
61 53
X
72 89
18 75
X
52 60
X
X
29 75
53 18
41 48
77 45
X
21 72
39 44
87 7
X
3 32
87 46
23 7
X
X
X
29 42
X
63 7
X
23 75
X
6 90
45 24
X
X
59 40
X
1 27
X
27 78
X
79 10
77 47
X
X
3 12
64 59
34 95
53 74
47 70
28 80
98 68
5 20
91 44
X
46 33
X
X
X
1 19
70 32
21 2
28 57
0 68
X
X
84 78
X
82 31
X
38 0
77 51
X
8 30
X
74 87
20 58
73 86
69 53
96 49
93 78
X
42 7
92 92
65 65
8 49
97 67
X
X
79 84
17 5
X
X
41 10
X
15 10
20 70
96 11
12 25
X
X
X
X
8 93
62 9
X
X
X
X
X
X
94 59
X
X
4 50
31 25
X
63 38
77 56
X
18 19
57 33
43 94
X
96 57
37 66
X
X
90 70
X
78 14
62 51
X
38 68
88 83
X
X
X
X
X
10 68
X
69 22
X
77 69
X
33 26
90 65
X
13 79
X
80 65
75 30
X
39 17
41 92
41 38
X
X
28 72
58 21
X
81 66
X
X
35 62
X
X
6 40
X
X
X
X
59 66
80 45
X
X
17 91
23 90
X
X
X
X
43 62
X
59 71
X
24 84
50 62
77 13
X
7 4
X
X
8 41
81 25
X
40 23
18 59
13 16
58 54
56 31
X
79 15
36 72
35 39
X
45 37
53 17
X
59 92
17 54
X
X
X
60 53
X
X
X
X
X
83 86
90 63
79 75
15 27
X
X
X
31 94
X
X
67 39
31 26
54 63
77 67
0 95
94 92
X
38 58
96 45
52 91
44 54
X
X
X
4 49
X
31 86
10 32
48 50
13 77
76 28
13 86
61 65
74 21
X
58 57
5 87
52 73
47 60
6 98
X
X
X
56 29
90 17
61 47
X
X
X
0 69
X
52 51
15 77
X
23 72
83 94
97 92
X
X
60 86
X
9 60
81 48
5 51
23 47
50 48
92 22
11 91
23 37
84 1
55 5
X
35 49
X
X
86 18
X
X
27 58
72 72
X
72 47
X
X
42 5
X
76 93
46 64
X
60 56
X
83 67
11 61
74 22
X
X
95 65
25 53
79 14
X
28 83
X
X
73 35
66 37
17 6
X
X
80 1
1 97
21 29
30 26
42 78
89 53
X
94 70
8 91
42 24
7 80
41 75
73 16
67 57
51 50
X
22 42
97 59
X
X
98 50
2 49
81 85
X
39 82
X
22 69
18 65
44 90
27 64
27 21
87 80
7 7
35 19
41 57
48 31
X
X
26 12
X
X
55 46
45 82
5 90
4 51
9 25
X
11 86
X
33 38
75 72
17 96
X
71 7
65 48
8 96
X
31 93
X
X
X
29 37
35 10
24 6
88 2
X
42 10
X
X
X
8 40
91 34
80 92
46 18
X
X
10 17
19 57
X
39 68
63 76
X
4 94
X
31 57
70 44
X
27 91
10 37
45 43
19 80
66 83
X
43 37
82 25
X
75 21
49 57
48 77
X
8 50
X
X
33 11
X
X
X
X
24 26
83 95
X
X
X
53 61
X
95 64
91 16
87 49
15 91
X
31 71
33 18
X
50 79
X
X
89 62
65 69
X
X
26 41
X
X
75 46
X
36 45
X
54 83
51 34
X
X
0 50
14 19
X
39 97
X
X
14 7
X
X
X
74 53
38 37
65 8
68 80
94 55
39 21
5 97
X
91 92
77 17
X
24 36
83 61
88 41
86 53
X
94 27
51 25
95 70
X
X
X
90 51
X
98 71
54 90
31 32
X
13 87
X
X
X
91 63
X
X
71 52
87 43
52 6
X
28 58
X
32 3
X
56 9
X
X
X
X
56 69
X
28 50
51 51
X
70 95
X
67 70
X
X
57 73
24 95
0 98
X
X
54 38
X
X
X
96 36
83 26
36 86
85 80
82 48
41 67
4 71
X
X
90 26
X
52 56
69 68
69 72
67 22
X
6 26
X
X
X
X
49 12
16 92
78 82
X
X
10 21
65 62
38 1
36 50
48 45
9 67
20 42
91 98
84 65
51 86
75 51
54 1
60 85
53 28
X
69 90
X
X
63 25
52 21
11 8
X
1 72
X
X
53 45
82 20
X
27 83
X
40 9
X
70 8
45 40
49 14
12 6
33 17
X
43 28
X
57 51
X
X
X
X
X
X
1 68
X
15 71
X
X
13 61
X
X
X
79 5
X
48 60
X
17 17
30 98
X
X
67 41
67 55
76 23
X
X
32 2
62 88
X
X
14 18
X
X
44 96
94 83
X
86 3
76 71
X
67 63
91 4
X
82 73
82 74
30 37
X
X
X
X
62 93
X
86 42
X
X
44 37
X
4 69
5 61
6 84
80 47
X
X
47 6
X
36 52
65 90
X
X
17 16
59 96
X
X
96 26
61 26
X
80 22
15 53
40 25
17 20
X
X
12 1
56 42
85 25
13 89
88 5
24 59
76 66
X
X
27 34
X
X
36 30
11 56
X
70 80
X
X
92 70
X
X
93 91
13 59
29 68
16 81
X
X
1 64
42 36
3 30
X
47 28
X
70 31
79 87
X
20 41
68 42
74 92
29 50
X
X
26 76
13 33
56 33
X
81 86
X
87 85
X
76 24
X
X
61 89
X
43 1
X
15 96
70 46
X
58 7
95 78
78 15
X
X
68 98
X
26 78
X
17 84
13 14
78 31
34 41
X
X
X
X
X
27 98
X
X
X
58 85
46 21
55 85
18 27
X
94 46
33 87
X
X
76 53
50 7
X
X
6 85
X
X
30 15
58 26
39 45
X
X
84 79
X
56 52
86 54
X
X
X
47 52
40 60
43 53
X
X
67 26
95 14
43 59
85 20
36 73
X
25 84
X
73 95
66 40
65 17
X
X
X
47 59
X
93 69
71 32
X
81 96
X
X
67 74
X
X
80 30
X
44 50
94 37
5 33
23 35
35 63
8 47
X
X
17 7
74 8
13 23
53 65
50 67
95 39
17 40
X
80 54
19 71
95 77
77 89
85 52
X
X
X
X
68 24
X
30 30
22 13
27 41
