170 26
23 12
32 127
51 144
167 197
160 167
188 167
162 93
96 79
110 101
183 152
112 142
29 103
161 168
125 57
59 1
24 181
16 137
70 135
164 2
15 51
63 47
150 181
69 70
152 28
141 59
121 192
129 23
41 4
X
39 91
41 194
111 175
119 162
90 154
56 157
127 176
4 71
53 70
55 175
23 32
27 127
53 190
18 169
110 142
42 74
141 197
55 173
83 70
24 83
53 85
131 57
191 37
143 52
X
126 70
41 155
2 130
30 32
38 181
126 2
9 2
35 144
4 39
17 57
112 120
110 161
61 1
103 147
137 156
156 176
122 144
73 163
97 97
103 47
52 157
14 42
25 12
105 47
121 74
78 146
117 6
30 66
131 188
139 176
191 21
108 34
16 80
170 178
158 19
61 11
52 125
169 194
102 97
56 20
118 92
81 126
77 80
55 17
157 60
192 40
50 125
66 12
53 47
148 114
101 17
96 30
97 30
54 163
166 2
173 28
91 107
103 123
77 186
128 30
15 24
180 177
14 72
103 48
10 146
36 144
13 88
87 27
135 70
X
137 70
145 67
194 86
30 5
29 104
155 68
97 98
19 8
137 75
18 186
88 168
69 105
41 83
148 6
125 79
53 138
150 161
182 186
149 30
61 4
139 72
183 49
X
27 76
19 63
180 35
135 126
171 192
132 168
91 154
106 17
155 2
105 55
51 32
49 150
183 142
156 123
110 179
11 2
116 80
73 138
143 119
124 182
127 123
140 173
145 116
141 92
118 47
1 24
120 56
56 85
165 91
192 10
81 142
69 119
106 49
110 17
157 135
X
121 152
81 88
63 172
29 118
7 84
163 172
10 147
129 159
181 2
98 88
191 2
168 188
174 160
161 137
194 186
16 72
72 194
192 13
54 70
8 84
X
171 145
141 55
114 95
160 129
91 89
170 135
160 130
26 16
103 158
139 70
14 108
165 2
161 116
X
X
105 25
148 55
77 12
124 80
160 18
34 189
71 150
50 30
72 150
19 186
77 59
159 194
145 52
182 35
64 71
148 158
188 18
180 180
57 181
181 121
159 60
46 2
X
159 130
151 30
78 147
134 138
117 95
35 20
190 18
143 180
153 171
143 188
141 56
152 184
143 59
91 62
193 113
36 56
103 97
141 164
108 88
86 124
167 6
94 85
71 73
158 4
90 41
12 14
72 190
157 193
91 156
123 170
177 197
150 6
47 110
172 30
13 128
53 102
171 26
55 18
174 157
114 85
53 86
19 9
6 123
57 192
124 47
53 187
151 31
188 35
65 182
29 32
139 174
30 195
30 194
193 2
19 165
173 26
145 17
123 74
113 8
183 51
40 69
191 41
96 12
109 131
173 188
2 194
52 154
114 12
168 159
7 87
176 20
114 86
68 116
146 56
143 80
143 36
108 187
92 177
132 103
121 10
160 55
83 2
121 154
82 44
126 119
X
12 146
55 174
123 108
189 167
172 6
192 186
137 95
77 83
2 131
126 8
93 62
10 128
190 49
81 90
X
146 143
122 85
65 48
183 143
10 87
31 5
36 145
155 42
189 126
X
84 88
34 192
25 195
1 22
68 181
106 18
156 156
175 6
42 43
38 53
85 19
17 51
119 186
161 167
118 83
52 32
44 74
144 29
38 42
167 91
151 37
36 146
17 125
53 191
134 104
53 87
24 127
175 91
178 30
170 21
34 73
170 41
54 32
121 75
12 147
175 93
81 143
43 166
183 185
50 150
5 29
68 194
X
138 41
24 123
159 153
69 75
175 95
3 173
14 128
70 48
143 95
X
34 76
187 136
141 150
87 32
26 87
110 163
43 119
92 69
77 13
158 137
94 62
143 57
187 172
127 183
X
16 103
103 151
173 189
160 60
177 26
188 114
17 7
67 46
183 153
144 181
177 32
99 88
89 2
127 88
118 51
191 59
154 43
97 79
49 163
162 120
48 156
67 37
139 162
71 71
126 48
144 180
126 170
100 173
38 69
182 2
26 165
174 158
135 103
177 28
177 93
97 62
80 32
155 57
11 36
24 40
131 153
124 145
161 195
41 84
X
120 69
66 116
119 163
164 172
53 173
182 93
122 10
99 98
93 89
135 144
111 179
106 19
55 171
153 179
141 70
122 25
77 15
149 92
103 149
4 42
181 108
122 145
61 14
126 71
178 92
151 170
191 22
178 131
154 103
192 41
90 43
33 66
127 90
193 195
28 14
168 91
110 98
18 179
28 15
185 138
89 33
194 30
83 81
49 14
14 130
59 160
26 123
197 57
192 142
154 105
173 190
193 129
188 12
122 29
47 2
179 17
102 18
34 74
4 93
51 14
144 188
88 104
183 50
128 188
35 31
155 8
165 176
22 139
181 71
62 159
79 75
195 2
63 93
153 180
125 80
32 108
55 187
44 76
187 166
51 141
56 32
124 10
91 63
135 138
184 139
102 8
174 28
25 51
42 181
185 91
13 24
154 70
145 102
125 119
145 130
191 19
67 72
174 29
147 52
67 32
5 58
192 18
17 52
138 173
10 84
172 162
145 196
142 104
38 194
166 194
49 15
164 4
184 196
50 151
152 176
2 132
53 179
100 5
6 22
85 32
135 139
71 56
49 42
6 13
128 192
18 134
X
158 10
192 182
5 191
26 170
112 189
124 89
39 128
147 158
48 7
56 58
64 189
73 150
141 74
3 130
176 134
52 86
X
14 39
108 161
145 59
151 43
53 171
9 128
149 88
176 138
31 109
101 108
165 60
137 155
121 184
127 89
193 93
84 72
56 86
61 127
90 1
125 170
22 63
137 154
133 42
21 86
127 173
157 138
58 138
X
151 180
107 72
139 177
103 160
143 96
73 185
38 31
29 33
5 193
7 110
169 20
18 125
139 101
157 101
179 79
53 113
68 44
52 167
64 14
188 88
10 89
143 54
86 158
193 59
31 106
83 68
73 63
58 134
33 185
159 74
11 128
185 73
34 33
32 63
13 74
146 120
100 166
30 87
105 97
31 123
19 18
52 103
193 22
183 178
166 91
178 4
124 69
105 191
103 152
111 147
159 52
85 68
158 153
20 116
155 190
31 51
86 108
9 50
73 151
160 10
116 163
92 176
72 66
194 79
122 154
27 170
193 192
33 29
49 187
14 40
44 43
153 37
167 60
187 104
55 7
34 143
139 173
193 146
135 128
135 140
X
34 63
39 29
161 169
86 121
55 136
53 139
138 183
12 36
49 87
113 10
130 62
23 63
106 63
41 29
175 102
69 7
136 70
38 182
25 49
30 103
175 7
121 193
141 161
X
145 134
109 100
76 39
95 140
145 195
62 31
63 15
32 170
34 184
58 135
37 144
40 86
65 49
145 19
94 64
64 3
X
12 69
103 27
147 64
17 121
169 47
182 25
73 152
76 96
53 175
21 100
125 27
88 154
128 63
86 72
111 75
42 7
17 5
75 185
182 4
12 89
12 149
23 13
14 129
7 26
126 49
51 20
84 142
11 80
156 191
104 158
149 31
121 144
156 196
180 83
102 72
160 36
167 100
12 148
15 115
127 91
191 8
128 89
177 117
168 119
188 10
16 104
21 36
188 89
169 192
9 6
159 154
64 31
34 18
100 195
30 63
157 136
42 86
170 119
137 101
76 37
191 129
73 67
53 29
34 51
44 86
93 192
51 150
96 66
132 192
71 152
137 121
191 178
74 29
X
86 7
145 32
127 111
136 129
112 147
108 73
143 53
13 193
80 13
175 133
57 85
159 106
88 169
34 19
21 34
34 56
X
7 27
20 167
27 94
144 59
79 39
39 145
10 168
27 49
26 40
146 145
155 180
92 137
X
105 189
152 31
77 29
84 140
148 166
177 72
160 56
35 32
19 5
149 66
57 32
140 72
39 146
144 33
95 52
23 134
90 173
81 44
78 161
63 176
95 13
78 29
94 42
145 118
75 119
160 31
104 131
151 88
17 56
122 26
156 120
179 48
120 158
149 89
9 11
142 29
74 31
89 120
195 4
58 58
141 184
91 133
76 31
53 43
196 93
28 40
108 170
31 6
78 129
151 168
145 106
10 26
180 105
144 182
147 188
145 18
90 197
79 31
161 118
124 97
108 157
185 77
6 14
108 74
X
49 7
89 59
71 138
110 18
53 6
66 20
168 61
125 11
16 191
94 43
3 182
79 129
96 156
25 136
50 74
143 42
X
77 39
73 6
62 6
137 173
124 183
182 48
46 40
90 189
X
110 188
190 171
100 167
130 27
109 157
48 50
35 56
24 19
73 139
150 95
18 73
41 123
52 168
48 164
160 61
86 197
143 81
169 27
191 88
60 58
13 131
56 3
173 139
102 108
61 128
134 75
75 6
111 187
76 157
43 155
23 151
13 36
158 8
194 178
19 19
18 123
71 87
55 168
103 72
177 123
141 180
43 156
68 56
143 43
90 180
73 161
25 41
71 139
53 174
158 41
193 60
28 139
110 14
174 162
75 34
66 76
140 183
193 130
190 51
60 59
53 3
149 93
94 89
31 52
27 84
29 137
169 142
194 146
177 130
11 84
28 49
121 42
102 6
49 84
55 180
74 33
22 135
156 153
134 170
146 76
145 57
91 155
81 33
160 62
39 87
78 83
132 165
X
126 97
157 153
159 42
194 31
120 187
31 87
69 50
41 91
113 149
146 123
130 154
5 27
41 19
76 87
88 196
105 26
136 11
167 33
65 50
187 138
98 31
52 150
160 63
104 31
121 43
75 63
85 101
62 58
134 42
5 71
181 27
X
147 75
167 61
107 87
88 145
38 38
33 123
91 120
59 3
168 52
21 147
32 185
138 44
151 167
170 179
88 7
X
124 98
44 163
192 177
147 102
141 14
69 56
121 121
X
149 8
114 178
128 31
51 195
40 36
X
188 41
89 145
172 52
138 121
13 133
5 173
104 39
149 75
113 150
14 27
159 93
164 74
169 32
87 34
46 41
179 122
17 133
97 190
87 145
109 171
24 139
142 119
90 194
183 154
108 118
75 1
83 163
151 39
43 87
195 3
183 186
16 179
158 20
130 153
86 142
93 69
56 24
91 22
109 169
85 81
145 29
153 29
X
47 50
125 145
95 14
109 15
72 152
55 33
161 42
181 69
100 165
33 49
190 66
99 99
86 191
51 33
174 138
136 72
7 171
15 26
162 39
165 76
162 74
10 88
90 182
85 56
132 56
106 31
44 182
105 98
23 65
56 151
71 6
44 155
54 40
32 186
8 120
101 193
136 170
30 110
68 72
34 66
134 56
113 147
147 170
37 87
106 64
71 38
39 147
74 139
145 191
157 14
137 72
180 52
56 73
72 185
92 89
93 138
175 162
53 88
41 156
X
141 76
85 163
24 81
X
25 84
75 139
42 65
104 142
83 82
40 70
72 63
152 88
175 154
51 135
97 167
13 80
24 65
90 177
167 195
25 44
38 147
143 123
46 84
X
74 30
35 51
120 39
174 76
180 94
67 139
115 47
85 137
168 60
73 188
62 163
52 151
106 38
87 2
42 66
171 178
188 90
42 123
25 181
68 46
175 8
42 119
126 89
161 138
49 2
191 52
X
133 128
78 80
11 88
113 6
29 94
166 169
119 195
91 2
93 184
56 7
90 183
74 80
73 56
55 155
7 71
5 174
102 175
79 180
181 95
X
34 49
141 173
8 72
78 150
104 97
X
157 144
19 123
170 72
93 194
70 106
162 130
52 18
X
112 150
177 108
64 93
193 50
183 27
88 121
95 137
93 181
130 28
49 44
177 95
159 94
82 4
X
3 163
132 126
160 93
61 177
36 49
34 65
143 58
168 74
109 13
8 88
29 188
103 124
168 133
24 27
77 180
86 125
92 93
16 67
13 93
24 134
108 31
48 106
147 161
178 76
87 18
183 155
38 49
32 171
116 89
192 130
53 35
148 133
64 73
122 146
62 3
187 171
82 138
15 27
160 52
190 68
50 84
43 181
90 145
196 95
55 32
22 34
172 53
193 193
170 39
13 51
30 186
122 11
136 89
67 160
167 179
25 83
119 70
42 121
1 95
138 11
157 15
52 117
90 146
70 76
66 13
151 181
133 110
90 148
188 8
70 56
13 43
117 184
83 84
25 134
6 138
17 26
162 121
171 75
159 95
22 36
101 19
22 147
55 100
123 26
5 130
8 154
7 111
87 101
142 33
31 94
130 189
45 86
137 176
28 50
X
135 123
29 119
18 5
97 107
23 67
35 75
63 45
X
71 3
99 130
8 52
94 132
192 52
55 179
41 196
172 26
176 155
74 147
99 24
X
177 60
104 147
67 33
6 23
51 119
51 50
103 153
132 129
17 43
15 193
167 181
43 126
159 155
X
15 25
169 189
103 111
X
166 134
49 3
182 3
57 76
133 111
188 120
98 173
185 74
87 109
65 71
147 166
120 9
138 89
103 150
25 191
55 110
X
84 19
54 47
44 36
145 33
120 13
X
42 67
12 85
93 22
134 190
101 195
172 27
106 140
184 27
6 130
14 67
96 19
49 17
102 24
26 181
38 43
172 65
111 149
128 191
67 102
195 183
143 83
68 35
13 188
28 148
39 196
139 81
42 44
158 3
16 70
197 58
20 186
75 7
168 62
81 140
184 155
66 40
16 42
100 7
21 5
54 52
28 16
X
140 89
43 3
143 33
179 60
37 89
90 190
8 15
51 21
183 190
34 106
128 183
24 185
124 45
129 65
182 5
118 80
31 49
89 105
27 134
20 166
147 94
X
64 7
157 191
112 38
23 5
21 150
181 5
103 161
40 87
52 84
108 19
13 40
35 49
6 153
176 154
154 89
144 57
164 56
61 179
147 190
93 121
166 135
164 169
53 36
166 152
X
175 168
65 72
108 126
91 23
X
61 129
X
10 142
126 45
22 134
52 171
49 86
185 155
56 59
40 27
117 38
117 40
76 45
124 31
24 114
186 155
101 5
24 129
77 51
186 65
25 125
70 126
23 36
134 113
194 89
89 35
51 163
135 130
80 129
42 166
58 61
141 52
169 29
97 12
138 100
33 51
75 29
191 165
76 105
126 13
92 107
71 74
188 91
X
85 82
32 51
192 145
75 64
91 182
101 130
159 78
133 163
X
174 30
160 78
55 40
191 89
36 175
158 21
94 194
64 8
71 90
92 113
101 12
130 192
31 127
47 3
128 91
30 121
38 183
83 45
74 34
7 14
112 175
28 121
120 129
53 21
55 52
41 183
129 45
80 58
87 19
90 123
31 7
43 94
37 147
180 48
77 157
X
X
64 94
144 183
X
86 143
126 179
84 138
144 64
31 195
191 56
137 110
147 162
52 75
179 80
24 15
189 65
179 18
122 74
41 88
149 164
98 90
54 75
99 167
186 138
168 161
20 122
66 73
66 11
51 84
148 168
178 120
132 130
178 37
166 153
160 12
42 19
56 118
78 105
74 3
62 188
162 167
114 179
26 83
20 35
22 26
138 156
63 50
112 179
48 2
93 131
187 156
115 48
25 15
90 7
19 6
X
91 122
134 191
157 11
64 74
172 179
90 147
78 126
17 44
146 23
X
121 76
173 197
50 127
132 191
6 102
7 123
133 114
112 176
61 175
110 189
118 90
39 143
49 27
57 89
174 52
170 89
195 59
177 94
X
180 76
98 7
153 30
33 127
6 77
113 24
112 101
102 17
31 110
63 155
173 65
45 67
4 73
84 20
84 101
158 42
21 28
182 122
129 156
54 157
145 54
111 168
189 141
6 24
X
53 84
96 100
110 15
125 129
183 192
179 119
X
30 160
87 81
78 127
37 90
9 84
66 49
171 7
177 20
86 8
53 188
51 27
168 197
42 70
X
55 70
66 155
22 28
X
108 110
191 60
56 152
79 3
64 72
154 133
140 162
70 44
162 11
137 11
55 41
178 5
173 21
159 156
16 68
190 67
5 59
64 96
172 39
83 138
161 133
61 93
142 30
41 49
127 9
99 111
113 9
98 111
95 85
143 66
76 90
X
61 188
12 150
74 96
67 172
79 2
166 87
44 133
110 84
185 75
151 182
33 30
191 186
148 77
56 155
104 152
148 95
X
175 158
159 103
161 170
63 182
159 101
54 173
36 147
105 39
75 105
173 6
150 31
99 8
148 56
105 192
167 180
12 73
70 50
72 127
97 80
126 35
133 160
86 193
51 54
28 134
79 32
8 71
89 147
129 90
94 40
66 72
42 160
75 147
81 34
52 77
104 132
165 179
176 117
120 130
124 84
69 171
67 162
79 49
188 76
155 43
79 127
191 50
102 152
83 46
X
183 179
108 127
53 137
118 86
139 89
119 140
98 147
127 71
117 167
90 51
95 158
138 177
180 39
X
195 60
87 147
69 93
105 180
49 28
73 128
92 51
20 187
X
77 174
55 15
93 183
114 166
138 94
86 194
42 155
96 63
19 167
111 76
11 149
109 88
33 125
103 162
173 53
166 161
48 163
53 150
188 66
41 95
124 109
153 181
129 46
47 53
165 197
60 61
121 38
61 5
85 57
23 8
63 168
56 88
96 159
73 162
44 49
80 127
167 192
45 133
102 131
98 8
62 8
39 16
171 8
46 64
141 90
11 76
112 138
7 154
156 177
118 39
66 178
X
41 157
21 151
X
X
16 177
180 77
128 190
38 87
8 112
75 66
137 22
X
52 55
53 176
42 5
53 90
66 1
190 79
159 10
161 189
28 26
76 88
X
77 56
129 47
27 119
18 115
51 115
126 91
183 181
53 78
45 39
183 180
43 46
3 139
132 98
56 153
43 44
87 58
57 33
X
61 162
55 106
98 148
X
63 143
64 190
175 109
38 65
87 33
30 190
32 160
52 20
147 38
117 24
53 195
192 171
20 9
158 155
80 46
95 64
64 75
28 149
38 40
79 77
66 2
120 43
192 178
56 106
X
196 96
71 147
182 50
112 39
X
167 182
138 42
179 183
78 151
33 88
105 142
33 184
30 94
87 68
168 102
42 87
177 143
58 62
11 67
76 27
83 72
5 60
3 179
98 159
129 179
53 7
23 184
33 161
6 146
6 131
36 17
106 61
16 27
162 41
182 52
17 53
69 36
88 29
138 72
122 151
22 150
126 50
26 193
63 95
81 89
68 114
96 32
178 121
27 73
77 150
151 7
126 28
104 133
91 173
51 194
124 70
136 127
156 121
9 88
13 47
78 54
44 95
28 41
75 174
52 155
86 56
192 183
94 195
16 51
141 81
63 156
177 81
99 110
187 20
21 153
102 68
104 174
3 141
166 173
53 154
5 182
136 123
139 9
3 184
27 95
6 154
98 91
128 38
90 42
2 21
26 120
34 124
X
186 171
29 148
61 180
13 57
45 108
39 175
49 191
88 53
175 163
176 158
71 91
X
97 19
19 60
107 58
36 169
140 41
21 152
88 147
21 154
160 14
127 45
105 152
138 96
126 121
190 35
112 32
70 8
72 88
143 31
51 90
122 12
99 147
102 134
176 81
131 54
105 57
145 40
187 165
50 51
54 164
179 76
128 97
7 77
25 129
3 140
72 162
138 75
109 31
89 4
65 102
134 70
64 114
141 175
121 194
159 21
155 193
103 49
36 148
122 86
18 177
X
141 196
143 190
21 67
104 99
31 170
40 144
81 2
81 4
186 156
63 31
121 185
154 135
69 2
184 136
118 194
73 125
69 102
64 1
110 57
142 15
25 40
192 2
45 134
105 64
38 124
97 15
X
152 90
13 102
13 178
52 176
177 78
196 183
17 174
78 36
157 143
29 5
72 67
84 84
59 155
47 55
107 179
171 138
172 31
148 64
50 164
60 86
100 15
132 169
129 183
167 32
185 76
55 35
139 45
121 145
160 127
22 68
17 9
5 192
41 5
38 50
188 36
29 28
142 14
138 18
159 63
82 88
137 114
37 169
189 174
108 121
131 58
98 149
27 74
55 150
4 40
17 122
X
30 73
169 28
120 193
17 47
150 90
39 18
137 140
119 143
49 54
127 97
171 33
189 160
172 180
139 14
168 75
13 136
57 190
156 68
151 90
139 184
166 154
120 60
110 130
79 76
83 71
50 115
186 154
23 21
184 143
X
101 176
43 50
44 46
159 8
136 119
55 16
96 67
194 179
90 53
4 72
152 92
14 57
126 131
71 75
161 120
140 10
57 21
189 77
73 194
131 38
63 48
7 73
92 184
52 163
23 192
111 31
54 67
13 52
X
X
16 73
155 9
192 14
151 6
66 179
145 36
104 134
168 176
X
57 35
11 9
188 39
81 32
159 167
6 133
52 164
78 56
64 5
178 20
17 166
75 108
130 155
132 128
72 93
157 57
34 64
109 98
125 176
175 169
87 56
X
138 9
175 97
X
161 127
32 194
45 135
11 37
111 110
18 176
88 123
31 33
174 53
114 6
64 191
X
68 49
115 51
6 132
X
44 123
93 25
96 50
64 35
136 91
66 74
52 114
13 15
157 71
175 94
110 111
54 50
125 51
14 131
63 177
51 146
77 27
35 147
147 95
63 1
88 56
44 37
154 101
51 34
25 121
98 107
21 60
77 14
153 28
169 132
154 102
89 112
167 135
24 21
8 168
X
4 75
122 31
18 165
X
107 59
3 21
69 86
111 170
46 67
154 94
23 7
145 68
7 167
23 24
54 158
13 44
X
67 157
123 90
11 68
174 27
141 9
100 131
138 95
105 153
135 75
6 147
1 176
87 72
159 157
134 21
X
151 176
104 89
80 36
165 116
35 184
28 79
17 168
84 81
141 16
102 147
84 93
191 130
X
79 27
47 123
34 26
161 95
100 147
31 8
88 69
13 191
120 163
X
28 45
X
20 153
55 195
50 44
28 124
44 94
110 169
69 4
20 102
44 75
119 57
13 132
X
16 107
77 45
52 153
73 191
151 41
118 192
23 14
81 27
124 86
155 10
173 192
8 153
17 191
130 1
194 47
61 95
130 23
89 149
X
141 45
38 184
30 33
67 137
56 166
169 178
31 53
159 49
X
196 97
189 8
21 8
179 184
X
174 8
65 120
121 143
118 184
162 127
72 125
64 155
127 10
185 136
55 53
11 142
75 65
82 46
3 183
180 90
64 45
49 8
88 68
108 171
137 144
134 71
127 39
144 120
166 155
104 68
193 183
26 49
79 125
74 82
190 73
4 133
122 125
X
107 68
6 48
97 33
29 76
181 90
135 100
108 160
32 103
57 118
176 97
X
89 34
X
X
123 171
24 116
1 91
175 130
53 23
107 17
161 32
75 67
X
132 127
44 50
5 98
20 124
91 189
195 186
7 112
23 40
47 47
12 76
64 95
39 70
31 55
58 139
98 92
105 99
29 40
X
22 60
68 119
104 35
X
31 95
110 160
106 142
75 3
31 66
28 128
142 197
15 42
36 149
92 53
X
155 13
134 110
56 113
69 8
178 72
189 78
67 155
134 19
172 40
20 5
141 145
163 107
28 114
89 173
147 143
188 68
142 181
115 49
76 189
136 144
121 146
65 1
10 46
172 29
112 35
137 177
28 80
107 15
194 95
108 125
63 114
27 40
34 109
91 25
76 33
99 149
154 180
192 170
103 24
192 172
X
185 89
59 89
66 3
193 18
49 189
135 173
47 49
73 86
46 119
60 163
110 177
27 136
98 174
110 190
94 79
183 48
148 52
189 120
4 139
110 39
111 190
33 55
140 45
137 89
23 16
133 58
138 19
110 85
55 146
157 120
64 76
87 149
126 84
116 8
158 29
29 6
105 181
75 86
104 172
38 193
125 35
170 76
105 182
134 72
26 12
113 138
14 76
69 72
171 28
14 48
85 93
24 191
117 27
55 182
100 176
10 110
119 104
107 162
7 98
78 149
74 93
14 141
57 193
77 151
136 171
24 46
51 43
151 93
143 102
1 93
69 49
95 53
119 24
48 165
10 112
16 188
147 19
X
158 30
134 73
1 25
57 179
64 77
90 196
14 191
91 193
17 76
69 131
84 89
123 151
48 52
91 197
126 124
128 35
76 91
50 192
168 31
76 32
97 81
193 180
88 8
X
36 75
132 170
182 179
134 171
X
56 179
120 146
100 149
90 8
53 140
45 156
150 180
68 117
92 64
184 151
7 119
192 32
88 102
47 119
100 172
43 85
13 181
4 43
15 72
135 120
136 18
53 4
172 49
154 82
13 89
107 192
192 11
6 10
168 120
149 6
73 88
177 154
29 186
79 178
170 133
74 128
195 5
168 76
73 192
34 125
X
182 94
157 8
189 19
100 16
169 135
141 57
135 121
38 44
74 160
133 98
176 143
16 154
12 181
121 129
182 90
107 60
51 55
52 119
176 168
X
X
147 22
70 3
X
68 45
152 82
164 115
139 96
164 82
25 43
66 4
136 76
80 49
165 155
120 126
168 72
22 16
147 36
113 26
42 183
149 67
24 124
144 184
139 100
36 139
4 41
102 7
96 167
63 192
128 39
81 28
178 133
18 118
175 161
175 11
52 88
120 184
13 72
X
128 2
121 120
143 197
44 161
22 152
155 53
117 8
81 86
28 150
X
130 2
119 26
74 125
X
100 148
28 129
122 56
11 6
133 144
15 190
83 86
191 188
26 139
48 110
21 6
36 107
20 152
158 61
51 23
162 40
141 147
136 74
X
171 10
132 100
125 47
105 186
X
144 118
53 163
160 8
109 86
X
40 128
61 15
157 1
8 149
155 176
11 10
X
21 155
64 15
95 54
88 70
90 52
108 36
67 158
91 129
179 92
92 190
79 179
19 153
191 90
150 117
79 136
81 77
27 42
151 169
130 45
14 74
138 45
134 38
X
143 55
160 9
84 95
44 70
41 46
66 7
157 195
42 82
91 3
181 83
164 155
120 70
25 147
45 2
82 72
170 106
104 47
103 88
126 27
53 54
122 158
146 121
74 32
181 72
178 60
84 136
191 170
157 104
12 152
189 172
137 171
91 157
180 5
176 95
102 19
194 50
179 30
78 46
115 95
53 14
168 65
168 33
179 185
129 192
126 3
X
94 192
44 82
119 145
127 8
171 76
142 38
59 62
113 11
196 60
178 35
106 123
105 154
111 171
74 1
X
149 90
21 156
188 100
54 68
56 67
X
12 90
158 15
158 135
10 14
6 27
120 131
150 19
106 39
86 17
103 60
193 142
12 80
X
14 139
124 108
160 50
173 195
150 75
86 169
49 40
41 86
125 71
46 82
156 124
98 50
193 174
19 61
96 33
170 90
31 56
187 139
129 91
53 24
174 154
124 71
75 83
155 1
121 39
33 52
42 48
149 162
122 13
98 53
29 121
36 181
148 57
9 98
66 14
87 192
99 164
27 75
129 188
39 41
80 39
65 104
159 33
21 9
79 157
25 114
X
42 50
123 31
161 33
X
104 175
96 14
56 137
147 93
158 63
142 40
168 181
120 161
20 188
155 3
179 32
160 57
137 12
161 83
64 2
46 104
23 141
112 34
62 60
190 41
76 46
33 53
139 41
158 2
100 150
189 79
93 82
71 40
34 147
56 68
81 49
188 117
55 42
129 89
117 89
38 169
51 176
138 171
141 75
55 3
53 115
65 14
103 28
X
48 166
130 63
76 4
104 49
146 77
29 115
74 67
5 133
156 8
143 39
135 98
163 94
65 3
91 110
87 59
40 164
8 12
152 37
125 12
45 136
130 25
110 162
54 136
170 91
172 50
54 179
55 119
X
125 183
92 196
135 24
141 174
58 59
187 90
104 72
68 168
39 67
118 163
38 66
109 118
34 107
106 47
52 44
64 4
55 113
184 194
X
7 168
45 157
148 68
50 171
180 124
109 122
59 156
124 85
37 51
173 61
146 21
106 182
186 66
32 5
126 51
71 72
3 91
2 193
70 102
5 25
X
70 6
117 25
45 5
118 140
X
27 114
154 176
124 99
72 186
121 78
167 194
54 139
110 138
45 36
11 91
X
39 39
111 99
63 51
31 107
24 137
81 141
14 119
106 192
175 197
31 125
83 48
176 61
X
130 191
118 167
29 146
141 91
55 23
16 155
X
27 87
X
102 106
14 133
83 83
146 53
19 169
87 83
5 62
1 23
41 10
88 94
9 99
44 135
X
125 67
71 131
X
X
103 163
130 183
76 28
66 77
41 31
81 128
108 72
183 177
X
89 7
122 129
104 32
160 29
186 172
165 158
31 192
136 103
47 120
27 116
3 95
88 170
178 78
175 170
93 84
186 100
X
84 27
13 73
71 39
152 43
12 2
89 54
54 187
139 94
59 129
38 36
117 7
67 16
104 112
134 76
60 155
69 16
76 150
54 36
57 24
143 44
91 121
188 14
28 171
97 82
85 71
177 142
4 21
162 169
X
28 169
56 110
59 130
153 84
131 156
51 40
144 191
164 154
177 196
119 108
7 62
182 29
X
91 92
185 151
98 172
101 149
47 9
X
120 132
154 72
156 57
103 50
67 171
X
107 13
136 16
189 130
27 81
53 194
167 26
80 14
166 178
52 90
93 67
120 121
X
111 113
184 191
162 192
104 182
23 34
107 19
183 107
7 58
102 88
115 52
137 77
39 31
37 175
114 164
128 50
113 139
12 15
30 146
175 164
31 124
12 4
43 70
61 181
31 108
119 25
X
125 74
X
61 94
83 49
183 30
48 104
179 2
95 67
179 186
79 54
127 50
88 59
173 160
37 137
130 68
162 191
130 24
51 22
X
141 93
44 96
186 102
79 73
70 46
87 105
X
160 19
86 84
27 123
88 99
90 184
40 124
23 41
123 113
16 178
41 44
171 46
165 74
X
54 115
139 74
137 145
63 115
X
155 38
112 190
27 137
137 138
105 73
156 15
178 154
158 124
165 174
38 91
X
125 89
172 163
128 36
66 121
70 45
51 28
6 26
25 86
126 39
74 163
21 68
55 67
29 189
70 75
165 178
10 51
154 90
160 20
141 146
40 115
107 119
161 15
61 146
117 91
115 167
130 163
104 33
6 98
71 162
176 76
157 106
86 122
41 36
130 29
65 19
24 20
20 21
46 66
26 117
54 5
145 20
140 164
26 194
91 43
81 46
160 191
X
116 49
177 62
173 46
152 86
118 43
167 177
65 156
119 58
135 174
4 192
126 183
188 172
X
107 84
141 89
X
119 151
191 179
168 48
131 114
163 155
X
121 79
142 31
137 146
160 74
153 170
131 115
35 139
168 38
167 183
119 50
39 192
148 75
18 135
116 67
72 146
154 86
34 148
118 95
X
147 7
38 67
188 165
12 133
55 145
X
126 10
46 43
103 164
177 96
86 68
61 13
33 195
98 165
120 147
103 125
91 40
67 132
66 176
74 83
97 108
166 88
12 132
24 136
108 84
155 101
191 172
170 60
69 74
193 175
172 142
5 75
174 10
100 133
3 194
160 106
6 49
148 162
X
156 63
181 177
193 118
55 120
117 140
X
122 130
77 16
137 20
48 47
88 120
88 54
162 155
118 41
37 138
71 134
24 138
96 166
188 175
23 26
136 71
84 21
111 34
155 82
80 125
62 62
52 14
98 33
5 26
29 7
56 5
149 68
53 124
74 166
101 190
72 6
113 179
146 146
187 157
15 133
41 145
79 16
79 4
46 36
125 39
128 84
119 152
103 143
X
3 178
173 162
149 166
123 174
71 36
172 106
44 77
86 21
84 143
28 42
84 137
93 112
21 83
89 109
X
27 129
161 85
142 145
97 189
56 60
11 11
74 86
176 157
105 164
187 168
194 87
27 173
106 73
120 133
162 19
162 78
28 81
78 60
160 11
136 146
4 162
109 19
146 132
49 188
190 46
120 148
143 82
113 12
51 174
103 99
28 46
138 161
141 177
147 88
176 62
89 123
167 3
88 27
7 88
139 71
120 149
142 36
65 31
138 111
1 92
157 10
56 169
118 144
X
64 163
100 151
50 27
121 80
4 131
X
86 101
15 132
147 89
131 192
X
39 15
105 31
9 112
163 96
162 106
171 9
185 165
191 78
33 95
86 93
110 58
X
151 177
10 27
52 115
110 178
26 141
X
80 77
117 67
9 132
194 115
74 56
135 20
179 77
33 31
50 157
195 118
113 99
136 177
142 90
52 76
177 70
50 187
30 148
93 129
121 133
105 27
75 162
87 35
159 170
107 181
6 71
65 169
167 190
49 16
141 176
150 21
18 74
147 182
23 42
67 49
138 70
35 17
84 68
53 15
100 24
62 95
12 151
127 27
163 169
43 137
179 72
154 144
131 165
X
152 53
181 96
17 72
88 149
179 53
31 103
86 81
152 182
189 178
X
136 77
68 134
97 63
96 165
92 62
160 169
X
165 77
22 87
180 117
119 153
115 12
61 147
8 110
7 10
140 75
34 195
133 141
68 36
139 82
41 193
120 10
38 126
121 107
145 30
X
189 104
129 164
152 49
171 19
121 104
30 150
13 25
134 77
34 149
166 171
84 28
159 40
118 191
97 52
187 151
115 86
138 77
167 189
8 62
103 126
175 172
16 44
100 152
107 182
136 108
42 36
13 142
141 160
137 141
48 169
49 5
106 74
146 147
X
57 73
56 158
42 77
167 158
106 75
171 72
97 156
192 29
91 130
127 4
6 174
X
17 123
183 102
137 9
155 84
101 189
181 124
4 119
41 146
61 155
80 143
68 191
52 166
186 167
163 93
194 118
92 182
110 13
32 64
9 4
X
4 132
82 74
20 118
131 159
X
147 134
3 133
41 47
130 50
119 47
11 4
X
X
152 21
132 171
126 172
92 54
186 68
22 101
32 8
178 81
148 18
150 16
10 48
119 43
117 39
52 173
X
140 160
137 13
13 70
139 156
179 108
151 18
161 86
142 42
159 57
78 16
87 84
57 36
151 171
102 99
X
74 63
30 91
143 143
88 197
51 113
188 151
127 67
110 157
34 194
174 197
49 195
19 121
76 47
134 20
37 76
160 49
192 9
167 27
158 18
156 179
35 153
107 85
128 85
71 92
52 139
93 197
17 67
98 19
45 7
138 154
131 62
66 5
22 83
X
180 81
188 152
X
92 174
162 118
49 85
171 38
70 162
123 91
68 172
72 147
159 169
74 188
30 108
75 102
179 61
75 150
172 178
X
57 191
X
42 128
187 141
17 77
83 141
133 56
37 56
181 70
16 152
74 89
X
4 164
141 123
182 181
11 89
156 180
X
125 76
53 30
142 57
16 175
77 187
89 170
121 9
84 96
66 31
157 12
160 21
187 18
179 31
62 59
187 154
28 27
27 12
104 101
154 145
32 192
41 147
91 4
118 85
169 196
105 187
51 171
149 28
155 144
6 25
120 122
169 181
148 90
144 54
119 48
135 9
169 18
144 103
193 127
7 60
160 121
142 184
148 170
158 31
130 180
188 106
194 183
113 140
X
25 169
176 92
35 154
99 25
52 67
136 73
178 58
36 50
31 152
130 188
10 47
105 34
51 137
54 14
188 156
26 79
68 57
183 123
66 181
120 108
106 124
158 36
X
94 129
X
175 107
X
12 175
50 18
37 91
151 21
171 21
114 163
106 179
159 168
189 68
42 96
112 130
123 172
142 94
127 174
193 19
97 84
41 116
32 91
161 134
123 56
161 84
181 190
158 101
152 16
154 37
114 10
133 164
107 121
43 128
146 36
12 176
36 73
4 76
139 103
181 181
X
50 77
162 82
190 120
167 88
23 60
127 84
152 55
134 74
182 27
193 4
190 166
40 165
129 50
76 5
164 160
31 153
192 5
13 90
172 38
49 88
3 186
63 116
50 78
56 165
130 3
85 27
75 109
69 170
79 121
69 121
121 149
X
65 117
97 50
40 76
19 101
169 141
17 152
87 57
73 189
8 114
132 163
104 110
158 110
13 53
137 14
54 18
181 118
86 119
23 185
59 162
16 156
180 3
19 188
34 54
X
37 73
11 92
98 32
53 41
71 194
193 186
5 190
114 24
41 164
106 76
57 62
10 28
184 192
66 6
28 13
187 92
81 29
39 116
17 179
55 5
129 4
160 110
50 158
32 123
154 71
143 145
169 119
70 17
13 177
143 191
9 154
171 11
29 150
148 144
8 118
X
62 147
79 138
162 36
65 11
74 150
4 163
141 71
173 19
X
116 144
22 138
120 104
25 52
115 179
64 49
86 195
155 39
104 164
X
148 132
68 121
172 188
192 22
56 167
59 128
145 143
57 77
28 116
157 68
107 88
194 80
52 147
X
116 47
23 182
125 36
63 162
194 93
180 30
110 158
93 24
50 55
171 139
X
85 59
153 49
84 73
106 50
7 173
120 15
34 77
56 83
163 117
157 3
191 192
159 96
94 91
X
133 159
155 85
130 179
107 77
X
X
89 193
120 120
40 37
121 59
X
95 79
14 69
92 109
150 28
5 172
67 121
180 122
25 42
101 27
74 59
174 31
174 77
155 86
170 177
100 111
182 38
X
4 26
164 168
97 83
46 69
94 191
146 166
78 37
162 195
192 31
63 128
117 93
109 163
109 77
136 131
99 109
X
13 135
44 137
31 50
192 90
107 124
164 173
X
138 164
69 46
187 158
142 39
18 191
177 194
169 106
12 102
180 154
92 197
165 177
154 146
133 115
135 72
149 94
26 114
166 103
31 154
26 42
14 102
42 124
175 76
55 75
X
157 70
65 103
88 4
56 171
86 27
193 194
8 100
115 24
68 175
191 57
100 88
13 10
178 123
14 24
29 136
77 189
X
68 20
28 94
54 171
186 103
21 62
81 129
107 187
186 73
86 113
86 29
64 121
150 164
74 162
107 70
30 193
79 158
178 109
X
167 29
169 49
28 136
70 120
68 177
19 151
191 46
156 144
93 123
63 129
33 181
178 122
145 65
165 194
136 148
33 182
90 192
81 45
180 190
56 75
124 170
87 30
45 106
180 54
175 104
98 5
120 151
113 141
116 178
75 180
133 112
15 69
47 10
118 37
35 155
X
X
118 81
64 144
63 11
171 106
107 189
62 15
65 16
11 168
47 121
86 111
32 19
20 104
190 50
23 68
159 171
176 19
126 125
32 152
88 122
34 20
78 119
91 131
170 65
30 75
18 152
156 154
193 46
43 66
80 54
170 18
165 172
147 54
4 151
45 82
98 67
11 178
112 111
79 28
143 146
150 115
81 59
62 145
188 78
165 89
152 41
92 139
63 130
X
135 177
62 143
138 22
80 16
102 172
152 56
38 62
125 122
X
5 139
119 154
142 59
X
X
23 84
58 83
12 153
147 117
128 68
127 171
109 123
17 8
163 108
36 172
41 96
191 194
101 28
54 3
27 97
X
99 176
94 69
110 176
87 95
103 182
130 30
61 58
51 41
55 76
109 110
46 37
151 29
122 28
23 6
24 195
48 10
13 55
137 108
78 47
158 37
112 33
X
151 95
28 146
130 64
188 157
193 96
15 179
178 155
X
101 191
5 171
157 134
138 170
89 56
26 51
155 14
106 127
88 10
122 78
12 179
146 117
130 46
124 179
99 5
63 147
109 99
137 103
43 48
148 165
147 191
10 2
54 151
29 105
59 83
52 40
39 65
X
148 59
141 72
32 54
48 167
130 70
16 91
171 189
175 171
X
99 195
23 183
181 30
148 181
6 185
132 153
X
29 97
116 51
15 191
175 9
141 95
170 138
70 91
7 117
33 152
106 77
177 172
76 86
73 60
143 64
6 104
150 116
166 60
6 139
X
86 104
6 30
168 40
161 13
63 145
66 16
X
99 153
129 67
159 105
44 10
146 105
67 20
53 136
99 154
8 30
98 176
48 158
42 75
177 102
97 157
76 160
51 51
148 54
109 73
98 156
104 173
40 172
87 4
143 45
174 26
70 19
103 127
86 120
100 164
46 42
155 49
161 96
X
74 57
184 190
172 18
189 106
68 47
122 133
89 154
168 41
11 13
157 69
143 147
77 32
135 11
152 51
141 194
125 37
2 133
189 100
164 58
40 31
67 17
149 29
56 114
74 81
29 45
129 165
159 31
59 7
123 129
124 113
157 194
178 27
3 185
191 187
70 16
69 40
187 143
79 36
X
96 85
93 118
12 141
171 122
4 137
63 6
47 48
137 139
180 91
109 84
60 127
79 12
30 105
188 73
104 37
22 5
124 91
118 69
164 78
21 87
46 39
169 58
22 18
155 196
177 76
99 12
183 35
146 148
X
142 102
32 187
106 144
110 59
159 110
108 32
187 140
113 27
75 160
24 47
77 100
154 91
41 97
X
42 37
100 154
X
77 188
6 60
118 67
173 62
93 23
49 168
112 98
54 118
67 131
183 105
106 15
81 54
86 59
52 79
30 47
93 79
41 180
X
114 83
38 196
179 50
100 175
178 157
31 160
11 151
24 28
117 144
103 25
165 86
191 79
86 9
12 38
117 9
75 177
33 153
29 41
148 134
192 159
116 143
38 37
X
143 67
98 100
X
23 83
181 179
120 123
143 41
128 3
182 106
86 10
96 68
196 32
171 123
12 104
143 184
35 185
33 192
69 3
36 18
6 11
28 28
36 77
55 77
20 32
145 131
20 63
154 56
X
112 131
82 49
14 93
95 33
18 156
41 30
163 82
169 121
108 38
81 55
69 71
22 140
122 132
158 62
138 98
146 150
114 28
41 112
2 41
95 69
67 159
6 46
170 33
40 173
8 26
140 70
146 149
44 47
195 116
11 78
177 132
120 145
71 135
164 159
26 47
104 179
143 148
X
87 189
43 133
157 49
5 123
78 99
144 148
105 56
90 103
28 47
86 141
190 178
10 11
187 142
122 112
49 4
157 145
3 41
31 54
46 70
160 135
64 145
52 126
190 116
92 52
176 141
32 49
112 133
128 98
29 139
76 102
124 78
57 119
194 119
121 162
20 36
28 125
137 152
153 90
40 62
55 24
4 174
139 11
41 62
177 27
193 90
79 159
108 113
8 46
53 180
191 166
86 190
X
91 112
134 22
195 119
78 27
23 195
190 174
190 118
102 91
49 104
150 9
179 27
151 164
123 57
63 8
169 176
183 104
52 127
66 75
126 14
X
3 93
X
12 139
44 44
43 40
172 110
111 132
103 92
52 68
16 93
89 57
54 55
74 185
41 70
175 92
93 108
45 137
156 155
156 49
98 189
7 85
25 141
34 181
178 117
125 121
56 135
101 192
170 183
172 46
26 195
175 82
19 103
74 157
123 133
131 111
130 69
54 24
119 28
173 142
127 120
168 63
55 117
178 69
131 40
188 67
178 124
151 40
138 16
31 155
187 68
X
109 167
121 15
154 95
133 192
137 96
116 12
29 74
66 172
38 39
23 15
31 91
10 113
175 134
182 118
139 76
109 133
164 5
157 146
64 180
159 139
177 144
151 22
127 85
13 139
110 73
155 11
124 13
91 158
63 179
180 72
128 100
86 192
158 105
49 106
148 145
147 171
120 144
76 34
77 161
143 65
120 195
171 41
60 1
103 106
X
148 105
176 79
X
107 190
4 152
185 167
179 154
68 115
123 160
142 106
114 91
82 86
110 31
162 190
183 25
165 87
154 136
12 67
110 77
139 152
119 187
4 184
X
96 64
11 40
50 79
176 16
33 96
X
126 174
162 38
93 65
156 194
23 194
191 10
142 105
142 41
55 144
181 117
132 104
83 161
67 163
128 180
41 98
152 183
92 43
166 183
65 77
46 68
191 174
101 154
X
39 17
161 8
X
126 47
107 74
178 170
1 163
8 77
65 168
84 104
170 48
55 101
36 104
89 158
180 38
105 179
X
X
169 48
154 142
140 153
93 80
45 44
55 114
110 139
X
49 109
127 52
130 182
187 22
76 161
76 145
71 136
158 194
X
61 176
71 4
106 59
23 165
16 48
102 98
151 137
72 56
177 145
128 67
X
2 25
25 53
132 99
123 10
189 35
X
157 137
122 121
92 41
107 123
114 84
98 108
91 64
192 143
X
158 38
X
29 98
17 156
182 104
161 93
104 91
189 73
X
106 32
167 86
64 172
10 114
16 89
75 178
68 16
128 99
142 45
69 194
7 174
14 117
18 178
2 191
125 123
42 133
83 162
135 77
164 85
148 146
1 39
164 118
70 164
176 17
140 180
X
169 51
67 40
171 12
49 192
52 191
9 52
X
105 68
87 82
61 156
105 159
126 182
152 91
13 179
4 120
68 136
188 154
70 57
90 104
171 48
51 30
135 18
6 186
X
139 154
95 23
152 137
134 57
157 9
36 174
133 126
80 73
27 47
159 18
53 104
173 143
X
107 31
118 24
23 166
X
189 195
56 192
52 36
33 103
66 15
70 165
75 179
170 74
68 192
194 90
17 27
62 61
28 127
190 106
147 37
91 184
97 16
5 154
X
108 167
36 20
X
150 76
110 118
62 130
X
3 190
12 107
75 134
194 60
4 165
60 88
45 104
15 76
128 71
X
159 127
125 52
158 5
32 98
44 165
85 157
141 143
X
178 16
33 162
55 108
140 12
146 17
112 132
23 33
94 67
166 101
12 108
124 129
52 170
108 77
72 189
195 117
175 103
29 163
148 53
8 13
146 18
124 133
124 74
181 109
181 120
153 86
X
X
123 106
75 163
173 145
128 153
111 73
87 20
41 181
104 36
28 141
111 138
142 52
190 74
64 192
20 17
85 34
69 60
17 78
161 94
X
19 62
117 12
10 30
190 65
86 196
123 173
160 13
79 46
53 33
X
45 41
120 11
102 176
43 127
X
X
74 158
1 40
39 44
125 58
X
8 123
X
111 122
187 102
176 170
132 38
99 28
162 42
122 15
30 170
81 60
84 98
78 174
119 27
143 144
73 91
154 93
188 92
161 77
X
158 107
94 197
154 84
120 41
190 77
37 74
19 156
74 4
55 163
164 6
38 63
3 161
25 78
161 30
128 37
51 138
187 21
184 141
99 17
24 165
52 101
56 87
15 57
76 1
122 23
152 18
55 78
7 104
125 91
75 161
112 134
124 130
193 144
44 115
176 118
52 144
191 177
X
X
111 167
169 144
159 13
76 180
65 121
68 176
42 116
95 99
167 28
151 165
57 58
50 47
75 32
189 80
131 112
167 87
194 32
3 25
46 86
165 88
168 53
192 78
51 173
X
173 146
42 158
130 65
70 194
147 164
137 113
11 93
170 28
27 171
124 132
42 62
99 113
168 87
87 194
84 99
188 143
81 58
116 68
X
25 46
165 169
165 56
33 186
78 49
12 154
100 19
72 64
100 191
114 80
85 83
X
8 59
X
X
127 35
115 53
151 28
112 121
138 169
166 4
11 180
X
124 180
116 53
90 158
125 147
131 41
139 99
152 57
51 47
138 122
X
92 91
103 51
18 175
28 44
179 82
8 102
68 139
155 5
194 52
145 197
X
38 27
117 53
134 54
142 183
62 180
85 21
27 172
59 4
5 119
126 31
102 173
173 12
24 12
146 144
152 17
43 62
30 98
130 71
38 55
176 91
56 164
X
25 139
56 187
126 130
71 88
190 119
149 64
125 133
125 149
159 173
44 179
X
174 146
197 59
76 89
97 110
172 47
127 87
172 146
7 30
47 51
195 143
62 175
94 41
160 139
66 180
32 193
190 47
150 160
38 29
155 4
140 9
29 47
126 133
1 161
X
93 91
34 190
144 143
X
105 161
129 51
32 94
X
85 84
52 120
38 112
9 46
84 74
178 62
49 194
92 40
4 146
89 58
154 134
57 78
51 187
105 127
158 129
193 3
114 89
14 38
72 65
13 12
176 197
140 155
51 35
148 88
65 35
189 143
144 41
107 69
39 142
90 105
55 47
92 189
12 103
70 128
43 112
125 100
40 77
X
60 3
33 163
123 107
171 119
175 160
98 30
33 105
136 105
189 194
92 140
85 105
13 26
69 5
182 39
168 134
162 174
30 29
189 165
170 87
12 142
X
128 179
156 190
56 79
78 81
136 141
152 54
142 143
40 170
158 57
156 122
171 53
28 76
43 158
100 193
179 54
60 84
84 161
40 142
29 141
88 9
88 158
26 168
148 106
49 47
3 137
34 103
37 88
59 158
125 179
111 100
194 113
53 32
32 155
76 48
180 92
16 90
186 106
147 148
144 31
180 155
139 164
88 167
30 74
74 60
177 140
40 15
147 40
99 26
X
123 121
191 58
21 26
171 61
184 195
41 2
67 180
102 100
12 3
25 45
59 87
118 193
15 192
122 76
2 93
177 170
61 182
11 154
107 86
51 29
169 46
34 27
166 85
146 40
162 194
X
88 125
186 67
111 140
87 162
23 193
132 115
117 70
136 24
74 101
94 92
160 15
72 139
88 112
145 114
54 44
121 186
65 177
151 136
92 112
87 7
14 179
112 118
X
X
194 97
63 180
141 144
57 22
51 24
32 31
175 108
122 162
91 118
177 18
32 125
7 113
32 17
57 188
51 158
X
32 110
28 168
66 182
148 78
122 123
193 178
87 125
126 23
147 9
23 167
98 54
51 127
X
152 164
84 71
13 54
93 140
70 40
26 185
80 56
X
140 14
101 172
137 148
191 126
11 38
X
X
142 37
42 10
79 161
50 75
94 193
4 161
130 52
150 88
165 117
133 161
75 135
182 183
52 195
155 192
50 80
127 109
35 103
96 164
67 182
X
93 107
182 177
70 163
83 136
36 54
51 78
65 106
1 162
147 150
108 122
93 122
61 144
42 135
81 30
2 39
34 152
37 173
192 82
100 18
60 83
104 61
4 77
84 17
85 154
128 47
165 118
60 87
120 191
189 76
X
169 140
196 30
189 128
97 112
41 166
162 12
19 102
33 17
172 138
194 46
27 139
110 32
98 68
138 112
160 120
143 189
48 170
41 192
131 52
49 18
25 65
156 5
194 56
133 146
41 48
169 145
X
194 144
166 172
169 138
180 191
9 100
85 35
90 112
85 33
138 152
105 190
23 17
171 51
75 165
35 54
65 171
36 173
86 35
139 105
57 107
30 28
51 36
160 53
52 47
150 20
52 69
41 160
188 118
77 105
48 5
180 156
137 150
176 83
127 124
4 147
27 138
132 63
19 191
138 91
85 143
122 80
17 80
27 125
173 18
24 78
54 106
152 22
23 9
106 162
57 79
121 109
190 115
41 142
187 169
70 93
90 109
34 145
55 36
X
135 122
33 155
188 176
122 104
162 15
194 49
8 150
93 83
45 6
27 78
53 181
43 162
60 62
182 109
91 24
32 163
124 121
150 118
155 194
40 112
143 40
18 121
X
180 157
174 164
X
182 190
86 105
11 69
59 58
186 88
65 6
169 76
4 176
78 102
40 166
103 176
4 148
28 170
115 163
86 114
104 107
165 82
135 171
54 147
92 118
125 148
64 116
106 48
84 94
93 64
83 164
67 136
56 84
108 123
141 121
53 120
74 91
124 149
179 19
188 11
101 60
118 195
X
125 59
7 11
76 185
193 32
85 99
13 176
193 5
X
13 11
162 115
123 153
142 54
89 155
3 176
161 75
28 12
58 140
33 54
122 14
29 109
X
55 54
145 150
78 48
16 105
9 26
83 88
46 123
147 130
154 143
172 41
135 176
29 114
X
107 180
61 130
92 175
69 168
81 47
146 52
161 110
172 107
121 108
56 89
159 133
16 119
111 118
151 9
161 18
79 137
176 109
117 162
38 192
64 175
100 13
24 79
41 143
149 65
51 52
160 51
172 12
146 122
141 41
191 48
160 194
127 122
126 24
63 169
37 77
153 52
169 100
10 50
100 91
179 35
146 118
159 124
105 36
138 93
179 16
40 74
41 50
131 65
87 163
71 102
177 83
73 93
87 97
157 124
10 111
76 162
56 168
150 171
124 67
70 86
74 87
18 133
186 90
33 63
19 115
66 158
64 51
70 70
33 56
128 45
162 86
121 187
23 35
5 151
52 187
192 181
125 109
180 186
169 59
161 136
28 43
176 82
192 118
182 91
9 101
8 74
63 163
X
78 58
147 91
143 106
26 118
135 119
33 154
54 102
147 132
137 104
126 4
50 88
36 185
46 85
157 5
70 18
106 62
51 124
6 183
74 126
55 147
52 30
135 150
133 147
63 178
102 70
71 189
126 129
103 112
20 121
165 90
169 139
125 113
28 98
123 154
94 90
41 77
126 113
190 195
70 36
169 74
9 114
161 38
86 102
162 122
137 149
5 103
108 59
189 192
107 71
173 194
104 111
191 18
85 73
166 56
141 162
124 100
26 169
169 188
46 44
165 180
155 70
94 22
69 6
164 171
134 99
67 138
114 175
18 189
X
179 58
13 46
190 168
33 160
6 184
X
130 156
169 110
140 77
151 166
X
78 145
35 152
78 14
192 189
191 39
156 13
28 72
178 95
181 101
63 3
79 119
X
57 139
43 98
195 128
172 10
64 143
146 165
43 74
55 181
176 172
17 169
24 17
166 159
121 40
34 105
151 8
144 123
80 12
4 149
74 161
193 116
63 171
134 101
X
80 60
66 114
85 161
15 48
190 104
134 146
165 196
76 146
83 90
9 168
131 55
35 77
158 49
84 29
134 24
X
3 39
163 118
150 77
38 114
118 68
164 86
120 14
87 157
30 26
60 158
8 75
11 176
195 142
71 89
94 189
137 98
101 61
68 179
41 179
35 105
16 71
166 168
127 119
159 120
158 127
17 137
182 30
57 109
149 169
8 76
80 27
179 59
8 104
7 16
102 28
144 197
53 141
8 60
179 28
188 13
52 135
54 125
79 122
164 158
21 24
35 110
84 141
51 74
39 144
180 36
21 104
101 63
X
161 117
7 75
76 109
59 5
133 148
167 46
72 188
44 98
72 126
140 91
109 132
X
163 95
146 130
6 171
189 12
63 158
143 29
161 21
52 70
172 160
165 85
44 124
87 99
192 126
70 166
166 83
163 78
X
159 174
44 180
27 96
114 93
70 59
91 108
77 121
23 191
85 162
63 159
176 18
142 180
72 59
41 17
75 137
53 118
116 10
77 46
95 62
55 139
56 70
49 30
19 119
193 188
25 127
50 113
75 138
74 159
77 54
106 187
157 139
54 170
14 188
179 69
125 60
47 54
18 119
78 107
X
146 114
88 113
78 108
76 83
125 10
X
91 51
85 155
1 43
29 187
7 25
180 192
X
62 190
99 134
79 1
169 191
42 125
X
51 154
66 106
193 48
104 38
124 23
164 170
121 13
29 138
74 134
56 195
53 182
73 148
123 23
145 64
49 43
24 121
158 60
67 135
133 132
X
135 132
X
71 128
38 30
77 34
108 55
75 80
125 97
193 82
195 187
144 150
26 78
100 134
8 151
95 30
140 11
41 40
173 196
11 79
192 12
79 177
141 82
149 118
28 74
145 145
62 35
91 111
138 109
167 31
125 75
168 121
101 62
148 93
45 9
134 39
138 92
112 186
192 174
134 192
31 28
14 89
104 162
X
141 122
188 40
37 181
4 190
89 101
171 18
104 106
73 193
129 31
92 138
40 196
51 139
X
78 51
81 1
123 162
148 21
34 144
148 102
95 139
176 130
133 149
195 129
160 33
5 149
146 119
118 91
187 137
X
195 130
X
25 165
X
112 31
32 195
195 126
163 74
176 80
123 13
140 16
190 14
X
124 124
67 134
31 115
21 17
140 152
41 7
X
34 146
X
60 8
104 24
119 193
156 72
180 178
143 68
138 162
189 193
81 3
62 97
194 180
30 27
68 102
131 39
99 172
16 69
25 68
13 56
123 175
38 144
112 36
158 56
43 82
173 31
156 61
55 55
17 188
54 20
175 194
112 140
10 154
136 150
90 193
118 84
195 32
154 137
117 41
109 190
37 171
9 103
195 179
157 105
57 140
48 168
141 10
192 38
169 101
83 1
113 175
X
11 77
152 171
18 180
3 172
139 102
72 91
125 23
79 74
42 136
57 83
172 28
15 189
88 109
115 91
X
62 1
160 137
181 92
133 38
36 103
178 168
158 13
106 13
71 191
67 116
33 6
75 133
55 104
13 76
105 60
6 12
29 106
88 97
42 39
17 124
X
78 180
X
59 6
155 72
87 1
2 176
33 98
71 146
51 120
12 74
61 189
194 2
106 55
66 35
189 21
70 60
40 116
65 180
181 102
171 188
137 174
155 195
53 192
169 102
78 106
197 180
85 141
109 35
134 126
X
104 108
194 88
28 123
122 124
179 71
178 158
31 116
101 111
159 38
6 51
184 137
52 51
55 166
30 163
110 140
86 154
70 121
22 17
186 104
X
162 37
11 177
152 165
16 46
155 142
98 51
11 139
140 156
34 186
42 17
179 29
189 39
27 140
112 112
169 53
49 6
15 188
140 181
77 109
58 89
98 134
49 166
32 89
34 187
163 109
128 154
42 40
75 106
90 54
5 141
156 10
52 102
X
X
179 62
24 140
14 115
169 146
X
88 114
158 139
34 155
67 34
108 124
162 152
169 65
118 105
191 118
136 109
26 53
X
197 182
116 28
147 92
71 132
169 30
158 130
74 98
134 23
X
164 57
87 146
121 142
48 55
52 27
73 166
72 187
102 69
170 134
128 4
59 161
X
134 148
42 120
83 3
X
78 100
52 80
182 124
150 169
120 37
148 9
49 158
X
136 112
114 90
74 27
165 115
170 192
52 141
187 167
164 161
26 119
32 26
192 39
54 113
X
84 164
76 49
126 109
110 55
16 116
193 114
66 177
76 92
99 108
25 149
61 143
31 105
102 107
X
161 174
148 143
X
83 143
99 19
184 28
195 127
33 91
66 175
122 60
27 51
X
155 191
110 132
133 150
95 25
168 28
69 115
73 190
82 73
117 42
173 20
126 68
18 116
179 104
105 61
107 35
170 176
15 106
66 37
127 23
31 118
X
168 132
121 77
158 32
39 62
X
88 190
94 30
177 109
87 3
161 29
145 115
68 59
195 97
10 132
162 96
7 52
193 117
180 2
147 20
127 113
40 29
140 13
X
14 53
139 98
75 157
127 86
9 30
X
115 27
X
29 110
129 162
74 100
6 50
40 174
5 117
119 184
128 24
154 49
46 65
190 172
81 56
157 133
125 77
124 46
97 54
165 181
167 178
7 146
141 120
82 50
193 78
138 20
192 46
176 58
45 62
15 77
55 73
133 103
109 187
79 60
192 115
88 32
71 93
41 6
71 103
124 56
36 109
167 188
6 137
71 104
121 126
36 106
27 53
144 105
103 142
179 109
41 125
55 74
6 62
148 103
168 160
38 175
38 28
93 109
139 91
63 188
X
168 56
179 158
191 86
16 106
37 49
43 77
96 81
44 6
19 125
X
67 161
161 78
122 108
X
67 168
140 154
180 158
100 28
4 123
33 187
13 13
80 142
163 174
29 26
29 161
81 31
106 60
163 116
53 5
125 38
29 116
7 48
109 147
45 65
X
77 57
X
X
118 162
197 181
28 52
189 14
170 110
49 193
183 183
68 180
170 123
190 156
128 189
127 11
124 68
X
45 107
44 166
65 118
114 167
176 132
97 69
119 191
168 178
126 176
78 38
72 60
135 113
34 188
132 156
69 132
131 109
141 119
126 99
38 128
175 131
190 101
69 73
104 59
131 50
X
172 33
185 143
89 1
10 52
147 181
183 106
148 171
178 172
X
56 170
154 57
X
X
133 40
193 187
4 121
178 32
24 68
29 190
56 62
132 155
17 119
157 72
168 122
56 190
105 160
132 132
22 104
X
159 54
157 53
147 114
112 122
34 104
161 124
X
8 73
77 55
137 119
148 58
56 182
115 6
194 82
132 188
42 41
40 63
153 54
145 188
96 54
X
56 78
56 6
88 35
193 115
X
124 60
116 177
72 166
135 10
34 185
68 178
X
X
191 193
57 187
186 136
86 170
64 177
43 183
187 170
75 98
38 51
X
152 39
21 63
17 167
156 62
160 133
38 127
76 107
105 188
165 4
X
25 185
25 148
158 50
153 82
121 41
84 86
89 3
52 124
92 133
169 60
134 132
177 138
99 158
112 119
192 144
176 194
184 37
186 105
87 164
44 62
193 176
X
141 163
36 55
142 194
187 159
162 153
112 110
13 77
183 109
60 85
X
120 124
X
87 158
42 179
137 16
105 144
190 78
83 73
4 130
174 155
40 169
74 131
144 106
170 146
108 111
178 101
X
29 107
183 136
126 37
112 187
162 21
109 148
133 165
130 181
4 117
54 108
5 30
134 98
129 71
96 83
X
38 68
103 141
157 192
54 195
51 140
166 158
24 120
174 32
25 66
176 59
X
163 152
21 102
49 89
173 33
135 22
194 48
4 74
X
18 188
144 102
75 122
22 9
177 58
95 51
182 101
21 32
101 92
X
129 153
124 87
105 51
67 35
39 36
81 48
39 19
159 107
195 57
141 195
178 169
38 56
93 85
128 52
110 147
138 108
51 44
66 36
74 189
105 49
91 1
132 131
21 84
177 168
43 135
23 18
123 60
X
138 105
163 115
171 20
X
X
X
172 108
4 153
41 195
161 106
X
167 161
125 86
112 188
106 143
192 86
50 195
193 29
193 86
126 86
26 80
125 84
14 55
24 18
71 148
168 26
147 118
38 185
146 78
120 143
X
44 181
46 83
105 162
23 168
X
88 105
160 174
X
55 194
139 180
X
95 100
89 10
X
24 183
62 127
189 142
183 53
X
70 72
86 161
140 15
114 92
71 37
195 56
8 16
43 124
137 102
149 18
57 120
130 159
52 158
13 45
138 119
26 45
159 76
68 120
94 93
159 36
126 46
147 189
161 31
67 177
13 38
X
96 69
77 98
169 19
179 106
183 196
36 105
102 60
4 94
87 155
126 1
195 115
154 92
67 169
179 83
169 103
79 30
184 142
194 78
87 93
188 170
94 32
142 103
98 164
123 161
12 105
130 4
129 49
140 96
X
59 85
77 122
187 88
137 99
6 140
22 137
109 113
76 174
97 113
192 180
123 110
75 175
169 50
X
8 146
35 181
33 50
29 108
23 61
189 22
188 137
159 104
39 173
104 144
102 92
41 162
72 57
110 141
84 102
31 120
93 119
148 104
16 24
5 100
87 119
62 177
17 74
57 182
138 182
63 35
34 110
X
41 27
74 99
31 190
65 175
39 112
152 95
158 39
167 30
46 108
181 186
192 35
72 135
129 48
109 59
102 71
77 49
168 135
22 32
132 159
129 163
14 44
133 105
179 81
99 100
32 56
24 117
124 110
9 104
88 189
111 134
167 4
X
10 6
136 75
111 101
133 130
66 102
171 146
44 119
123 104
107 120
42 15
104 92
41 74
77 119
27 168
195 113
X
34 17
170 51
52 78
18 174
69 89
71 106
28 147
175 78
123 86
189 115
9 150
193 21
177 139
53 18
56 139
85 164
193 20
177 141
56 136
62 182
83 74
100 92
117 10
111 98
X
193 97
82 90
168 46
193 126
38 115
25 150
3 43
16 174
110 167
126 132
90 101
188 119
56 134
86 164
36 110
46 38
69 106
149 78
139 16
88 110
130 31
63 160
57 74
124 176
86 168
6 52
188 22
189 157
45 123
20 119
71 8
113 100
X
24 115
104 109
27 45
26 191
160 107
48 171
143 150
95 159
191 77
81 125
113 98
138 181
84 105
158 121
X
X
65 172
13 192
166 6
134 100
80 29
162 123
100 12
17 180
50 40
176 106
56 36
183 39
68 193
179 105
129 1
X
193 88
68 37
122 109
179 102
64 159
127 170
191 87
51 167
152 50
160 192
68 60
84 30
31 119
71 60
111 130
82 141
86 28
163 106
103 68
152 19
24 119
69 103
95 97
181 123
6 141
172 161
183 31
65 46
66 17
116 176
138 110
16 55
98 167
65 36
192 30
24 25
9 102
25 67
77 145
90 10
132 161
173 47
34 123
14 140
16 108
57 87
73 147
5 186
153 93
193 189
X
20 33
X
98 52
132 109
158 123
148 131
24 42
54 109
145 22
44 162
98 14
13 27
126 100
153 31
32 87
9 130
169 197
139 83
5 184
X
15 89
139 104
X
123 176
94 190
95 138
158 104
187 160
8 98
122 111
170 121
102 89
70 125
170 182
79 29
X
191 115
151 178
169 62
156 105
166 174
192 60
172 109
27 98
40 194
33 7
X
71 149
85 58
146 191
84 76
74 28
53 44
105 101
154 104
75 131
110 112
15 119
16 92
73 65
14 116
155 12
106 14
115 175
53 100
56 163
127 13
127 100
44 116
169 107
X
52 24
141 40
54 100
156 142
187 65
83 4
14 118
134 105
165 6
190 75
119 37
123 105
147 159
171 183
16 53
8 58
25 123
70 20
147 57
78 98
42 63
103 64
85 30
120 67
49 10
99 157
31 26
183 103
117 11
25 151
136 132
X
195 145
105 58
70 127
108 39
40 161
5 101
17 55
166 104
138 103
171 191
13 190
160 190
37 54
137 15
183 124
173 141
85 95
51 136
10 153
4 118
78 122
168 39
46 106
132 154
7 46
174 156
10 4
14 193
74 65
172 32
51 18
117 80
178 39
125 124
121 158
105 71
4 91
24 151
78 109
88 98
190 102
91 177
54 126
169 38
29 120
51 147
148 149
50 190
97 100
121 140
152 20
130 67
86 109
22 141
46 62
2 192
X
142 83
133 140
127 175
179 70
54 110
96 97
184 38
87 120
175 105
92 120
4 154
122 110
59 163
4 95
183 184
131 110
6 58
160 54
51 80
47 104
191 4
65 75
178 18
178 83
95 24
12 11
8 147
180 119
15 108
170 31
150 17
27 85
56 120
173 138
87 197
152 169
54 107
112 113
142 123
118 70
164 59
100 14
48 108
120 140
128 23
29 160
9 131
113 101
97 111
179 39
55 188
135 175
14 142
26 184
138 180
172 192
X
180 50
192 158
140 184
182 92
148 164
33 5
24 141
188 160
109 130
166 102
116 140
93 113
103 159
107 39
66 168
75 121
12 5
146 106
67 114
57 194
98 113
132 110
125 120
158 120
97 159
94 133
21 27
151 16
169 183
14 80
45 105
X
50 114
131 42
77 120
57 106
166 167
162 154
144 119
84 75
186 141
104 123
162 124
40 162
94 31
X
153 95
56 108
54 78
109 121
91 180
77 107
179 51
52 136
53 27
X
67 133
65 8
88 101
142 150
84 103
158 33
172 51
87 167
110 122
68 182
74 97
163 75
22 102
19 104
192 56
71 7
63 49
3 165
57 136
140 177
160 105
15 80
125 8
162 8
159 15
65 163
141 73
36 52
19 152
36 51
13 189
147 8
169 108
177 31
30 72
50 126
167 5
83 69
12 6
16 76
4 25
42 137
155 41
136 126
21 61
170 46
124 30
76 80
116 70
22 24
180 27
150 18
51 15
20 165
159 102
109 55
127 110
30 192
43 10
169 33
87 21
27 86
187 19
120 162
51 175
17 25
91 119
132 65
68 118
163 110
167 47
68 48
32 28
190 22
121 37
20 123
40 88
59 8
29 134
171 110
178 3
51 48
32 65
139 75
160 123
27 72
33 87
30 45
102 5
133 113
168 158
63 46
5 21
171 31
156 60
37 185
119 56
148 169
29 8
189 127
13 69
190 167
29 72
61 2
141 149
78 97
29 117
97 18
110 56
175 195
37 139
180 93
144 40
186 165
166 133
175 83
68 58
123 84
55 176
134 144
88 52
74 92
125 31
68 106
175 132
160 42
193 177
180 183
160 193
157 63
196 31
13 42
138 14
118 93
18 187
74 5
175 10
183 101
28 167
42 112
132 58
54 124
174 6
169 21
28 119
131 51
52 118
118 53
27 135
55 44
71 125
78 128
41 8
152 52
33 108
13 134
64 147
70 2
56 69
20 60
163 86
55 51
4 182
106 51
100 189
119 53
72 128
31 98
173 63
92 42
27 121
119 67
54 7
190 52
8 61
165 167
147 59
17 45
7 114
102 101
184 36
33 27
133 145
109 39
147 65
2 95
104 60
145 23
134 102
169 104
169 61
162 18
142 16
104 28
162 110
108 13
36 108
72 191
193 56
74 190
11 87
61 178
12 93
93 63
94 196
107 191
195 95
38 70
143 94
169 123
10 29
54 127
65 47
24 26
178 130
24 147
33 32
60 89
106 16
116 6
91 54
61 62
23 62
80 15
53 20
62 11
120 12
194 126
10 49
13 67
189 18
108 162
174 194
181 81
92 131
65 116
128 1
135 110
167 59
43 157
17 6
163 77
33 28
124 172
81 127
106 190
183 122
22 21
136 9
91 123
105 28
31 121
124 24
74 127
11 175
189 114
182 136
88 72
54 191
105 72
190 82
43 125
169 26
43 2
93 111
191 3
90 181
13 180
190 48
127 31
96 31
69 87
30 46
115 50
130 26
99 159
196 56
78 101
150 182
57 108
157 157
61 8
136 128
189 155
112 178
174 78
153 57
63 190
57 189
106 58
154 41
110 19
194 5
144 52
22 151
41 124
48 150
24 125
184 29
187 77
85 17
117 84
139 73
25 116
168 73
107 188
47 52
12 88
108 190
49 105
34 193
155 83
123 149
72 3
25 87
25 119
149 9
162 193
16 74
57 23
53 17
152 89
72 131
30 30
71 166
18 136
X
12 128
93 189
161 10
98 195
49 48
16 153
88 71
165 183
169 41
179 101
139 77
44 160
170 108
138 43
19 17
106 71
29 162
147 23
23 139
196 94
192 37
24 118
64 97
161 36
88 28
146 103
176 60
128 64
188 9
31 163
97 158
88 30
15 67
114 94
195 114
115 80
119 60
190 76
74 58
129 160
87 17
168 194
55 115
50 76
93 124
49 190
116 24
56 150
169 109
49 107
175 96
175 12
97 109
155 105
156 56
145 31
194 189
177 101
69 114
25 183
86 123
118 108
39 194
105 59
145 123
148 148
193 95
64 182
111 74
104 34
16 115
56 138
71 151
171 73
54 176
20 115
169 56
75 164
153 88
137 123
181 39
119 49
98 131
16 57
41 87
105 24
77 147
11 39
162 9
146 64
87 108
142 80
187 106
71 5
132 40
119 59
76 38
132 42
119 144
11 146
102 111
115 84
45 109
57 110
28 51
143 56
105 100
76 6
6 47
167 56
117 47
152 85
127 1
18 9
34 108
105 123
24 80
70 119
172 21
67 106
146 54
155 40
147 119
42 18
4 24
167 191
61 7
89 157
93 40
90 4
55 14
111 148
107 118
12 86
32 190
175 101
112 37
159 77
117 28
5 28
194 142
78 148
131 56
23 28
94 25
190 165
117 82
55 50
11 90
132 105
193 52
147 18
96 52
118 82
57 75
45 10
88 111
166 132
134 103
144 68
122 24
192 146
76 82
54 150
65 114
138 23
193 179
165 182
88 95
186 151
52 116
76 36
139 160
110 38
151 179
104 51
121 56
40 44
189 156
64 11
170 61
17 68
138 120
9 110
76 3
18 167
9 146
197 183
13 9
115 82
90 149
121 153
9 14
104 154
145 21
62 33
146 188
152 185
78 12
159 29
75 93
38 116
21 25
101 134
117 86
137 10
166 181
55 116
5 146
76 119
76 7
33 8
31 63
100 108
8 122
166 100
43 36
146 102
100 130
30 8
69 44
178 2
145 117
43 122
110 113
195 93
36 53
91 90
42 94
176 78
8 11
117 43
114 81
169 52
122 122
110 175
91 91
20 151
44 183
190 126
186 101
20 100
152 84
75 88
54 120
102 110
88 93
66 39
161 74
53 158
107 73
6 16
75 166
22 103
34 31
66 38
80 138
152 180
73 3
164 60
185 88
29 95
180 69
21 21
65 34
157 13
178 132
168 59
156 53
102 154
103 134
190 105
12 87
141 94
97 13
49 55
55 20
96 65
31 89
91 93
93 68
61 163
55 49
146 75
41 9
84 97
78 50
44 48
99 112
146 58
62 32
176 101
19 21
197 179
184 30
30 76
85 156
31 126
147 39
106 68
123 145
30 64
69 169
138 168
88 51
164 87
78 34
185 92
122 107
154 88
126 52
72 86
16 102
82 77
42 90
132 102
55 103
122 30
141 80
31 117
53 55
71 86
93 182
177 97
80 4
98 69
189 82
14 134
161 115
28 78
15 74
182 117
66 46
133 54
53 28
77 102
1 94
118 107
89 174
192 179
149 95
25 50
32 66
128 65
138 167
43 96
184 31
121 191
65 18
79 120
44 114
183 52
168 64
74 6
50 163
97 17
120 154
11 12
147 78
101 25
99 97
158 1
34 127
11 14
49 9
103 154
169 87
8 14
145 119
73 131
180 4
181 54
43 123
98 130
21 66
65 20
69 91
108 169
98 17
113 25
21 65
148 76
42 16
149 7
118 104
4 194
53 40
75 96
78 96
183 151
147 21
170 40
44 63
158 108
50 124
138 163
90 9
177 195
189 129
20 169
93 66
94 130
115 93
164 3
41 66
26 192
168 104
39 124
68 75
83 47
54 182
113 148
188 153
23 87
56 61
90 120
36 19
169 31
7 50
42 69
170 88
181 48
116 95
79 14
40 17
150 114
38 64
154 69
98 12
181 119
171 108
188 65
31 161
91 109
30 114
49 171
106 141
141 96
187 100
142 32
179 117
177 119
133 171
136 15
122 84
191 14
141 53
170 188
47 122
90 40
189 118
27 83
26 121
166 86
36 171
162 129
137 105
127 12
107 55
188 116
69 90
179 5
104 88
174 142
66 34
156 3
119 161
20 117
161 135
97 99
1 42
175 106
84 18
168 100
148 118
116 86
92 68
69 20
97 67
190 8
27 169
118 106
18 137
85 97
152 94
95 12
8 117
X
168 183
42 2
7 172
14 51
67 75
108 35
94 131
181 122
55 48
121 151
97 85
191 5
162 13
116 69
148 147
113 28
170 53
136 110
80 34
44 97
74 2
41 94
124 90
197 56
133 162
76 50
106 159
142 96
100 6
8 121
38 41
49 110
126 98
41 3
118 89
12 84
61 96
5 24
165 195
124 88
189 41
33 20
134 41
188 115
120 125
6 15
37 75
160 124
9 129
95 22
145 120
66 119
44 112
58 137
34 126
141 83
169 195
17 115
14 36
49 90
11 179
184 25
17 46
110 110
77 58
170 38
109 150
29 140
33 26
69 88
156 70
12 106
126 30
178 26
28 53
46 63
40 75
20 150
135 105
176 119
86 110
25 81
23 181
68 190
134 58
33 190
4 92
147 68
75 107
76 30
108 86
54 104
184 35
32 20
40 91
100 8
195 29
167 104
8 119
101 13
81 57
87 148
26 116
25 47
191 82
153 43
32 18
31 31
91 175
154 68
20 125
63 175
159 172
121 60
190 130
188 141
122 149
178 36
158 40
75 27
53 147
100 17
180 179
45 119
122 113
127 125
104 176
110 86
15 102
41 82
166 82
X
159 75
98 132
104 90
43 116
36 170
2 163
87 154
137 18
104 130
167 176
176 104
64 188
167 102
99 27
31 104
16 133
106 186
76 51
30 90
138 24
63 181
13 48
111 77
134 40
138 113
42 98
139 80
147 90
121 141
136 130
42 115
177 29
188 155
93 81
173 64
162 189
125 78
24 169
66 8
49 108
42 85
41 182
136 100
17 24
101 152
194 29
86 32
99 156
129 52
19 100
179 52
80 37
61 6
52 104
141 77
77 60
102 109
77 36
64 6
195 146
119 51
178 118
136 111
106 122
156 1
119 52
87 123
61 145
102 64
57 20
115 25
60 6
188 38
167 48
95 50
44 158
138 123
83 50
35 149
174 51
127 47
145 189
132 64
93 133
107 122
102 130
48 151
163 167
30 89
137 24
183 54
29 170
182 54
1 177
125 13
40 43
48 157
177 134
62 93
147 6
42 46
185 166
55 43
33 33
86 30
74 102
92 25
61 97
17 48
25 16
126 67
52 113
149 114
128 62
193 94
152 93
141 58
85 72
96 62
5 61
97 14
150 93
172 61
103 101
158 106
162 20
179 78
136 113
59 159
61 3
64 46
189 10
149 21
110 16
145 133
177 16
107 127
171 6
191 12
98 133
50 86
173 191
180 101
55 158
65 119
38 54
94 33
78 125
59 2
182 95
177 92
23 66
157 155
87 10
136 90
41 15
118 28
93 93
156 50
169 57
X
186 77
22 100
123 109
42 88
93 120
194 51
155 15
136 173
13 71
75 120
24 16
189 170
181 35
39 27
121 57
64 146
179 20
182 36
101 88
104 148
4 141
40 19
132 62
186 143
127 14
6 117
190 117
170 62
106 72
184 26
173 51
140 94
158 109
26 81
195 189
197 60
171 121
63 170
53 146
101 24
42 89
33 89
176 77
188 37
1 41
74 88
125 45
79 34
146 55
137 100
64 120
32 33
196 29
6 21
42 91
192 8
174 12
146 59
24 24
98 6
71 76
61 12
151 38
116 179
134 18
13 137
109 149
67 156
92 124
125 9
113 142
93 110
171 74
118 187
185 90
19 20
38 52
57 134
45 155
132 101
127 172
29 169
179 49
178 119
188 136
70 47
123 124
65 51
76 2
103 148
189 81
49 29
79 33
30 31
115 28
60 160
156 157
30 88
7 86
110 87
167 2
52 100
162 10
146 57
195 188
65 105
162 14
26 115
70 49
172 48
9 5
149 181
46 110
84 77
161 130
168 192
12 140
51 75
5 102
141 54
177 30
35 73
56 4
82 143
184 138
114 82
104 159
76 29
86 112
71 105
14 37
161 82
131 113
191 35
15 134
65 155
92 123
77 96
180 95
67 36
38 125
109 17
86 189
177 69
180 109
193 57
