144 150
17 43
103 25
170 182
138 112
151 180
150 181
23 21
71 87
47 3
88 97
122 151
173 20
152 184
28 15
146 148
167 3
101 192
147 164
147 95
143 144
54 157
17 72
120 158
103 162
172 49
27 76
24 141
1 39
116 28
186 100
114 89
188 118
105 180
131 54
93 123
100 91
147 102
63 179
132 38
81 31
175 130
32 31
147 159
178 58
176 82
51 14
191 21
39 31
147 88
178 92
191 78
117 27
13 55
182 50
40 142
27 116
103 125
160 54
97 69
143 106
29 103
66 49
169 181
183 178
123 175
14 53
72 64
178 4
50 150
188 120
91 43
74 86
76 185
109 59
78 38
63 35
28 40
193 19
6 26
85 21
23 65
168 33
43 98
182 106
90 184
9 150
81 48
126 23
165 181
32 19
106 39
3 91
119 187
180 50
28 12
74 96
34 104
28 81
70 126
29 94
194 82
183 27
112 138
17 124
84 89
169 141
67 137
91 107
23 151
124 129
111 73
159 106
55 54
30 105
55 5
131 188
160 107
39 192
51 35
67 49
13 142
156 194
87 119
101 130
8 154
165 174
33 52
122 108
138 77
71 60
151 18
155 49
120 69
94 42
148 166
118 193
157 60
62 59
68 191
105 55
51 41
98 67
92 112
130 64
146 146
120 187
78 80
189 141
25 148
103 159
55 150
191 8
146 166
131 55
29 146
192 10
141 196
105 97
77 187
155 68
177 140
18 119
31 108
154 144
19 101
44 70
148 133
155 85
16 103
155 142
55 7
161 29
91 62
80 39
163 82
6 184
15 132
107 19
88 114
128 47
102 152
142 39
150 160
156 142
148 57
68 102
79 16
143 184
56 134
127 119
38 115
156 179
21 32
14 118
92 91
45 62
68 49
67 20
121 142
39 41
83 45
94 191
144 183
102 89
90 42
81 44
56 86
91 3
69 194
75 6
131 52
40 169
137 144
83 48
118 195
148 95
135 171
148 181
35 108
39 147
70 75
116 67
90 54
42 44
58 134
181 118
116 177
182 118
94 43
6 147
193 194
154 90
193 96
143 150
191 129
139 180
30 170
50 40
104 39
148 53
153 86
150 185
91 4
53 7
84 21
195 119
59 83
17 191
138 105
114 179
69 103
167 100
142 194
167 6
78 54
159 169
34 125
176 155
148 55
91 133
22 34
51 140
160 14
111 99
183 152
105 191
27 97
141 123
108 160
33 29
75 7
138 169
128 153
181 123
64 4
55 113
10 6
126 50
6 137
75 150
117 144
97 83
148 59
146 150
106 64
168 123
74 185
162 74
149 6
32 193
69 2
15 133
149 169
97 15
140 77
29 28
78 37
3 140
28 146
191 57
158 49
90 52
13 179
98 159
90 147
67 162
152 53
183 53
44 82
103 158
159 154
33 50
71 8
88 101
155 195
7 117
117 67
98 50
193 176
54 115
193 93
108 127
16 177
141 72
11 37
26 170
14 119
10 165
127 120
118 92
187 141
101 27
72 185
52 90
75 185
134 101
103 126
190 49
192 189
101 5
8 104
164 169
94 92
67 163
180 92
158 31
156 68
29 108
98 149
69 49
68 194
X
32 171
186 104
161 75
11 139
106 49
71 106
123 106
104 144
74 147
63 162
28 98
153 179
172 107
159 93
150 180
38 27
167 28
136 141
137 139
8 75
107 72
189 65
69 50
116 10
194 144
40 37
181 90
195 128
138 94
32 194
132 132
80 32
103 112
160 50
6 27
126 119
8 46
108 19
10 111
151 43
77 188
175 82
76 90
76 91
23 6
84 143
189 21
69 75
6 46
55 146
11 6
115 27
56 84
167 192
49 47
101 189
79 75
90 101
190 18
13 54
6 60
6 153
168 74
147 40
91 189
35 20
135 150
152 165
17 8
145 29
102 72
94 41
84 142
68 178
111 149
135 70
5 60
87 99
23 84
171 192
123 104
175 197
10 52
17 9
73 138
68 192
59 4
147 9
32 123
99 17
128 98
92 139
94 195
25 149
23 83
43 128
54 147
66 102
156 180
141 40
118 144
41 183
66 178
43 137
70 72
40 116
12 152
52 86
57 107
13 36
194 78
119 140
14 179
168 102
54 3
81 88
105 181
189 106
67 114
12 104
70 91
15 76
120 108
91 130
19 119
81 89
189 120
115 163
104 158
55 70
116 68
13 178
28 116
97 159
172 29
179 184
155 57
89 120
107 70
190 120
113 141
194 30
123 121
142 143
102 106
186 156
93 22
49 30
12 176
108 72
128 45
27 87
116 12
86 124
123 10
29 110
68 139
89 7
9 6
59 87
127 89
126 10
169 183
124 121
153 54
91 2
76 34
154 95
146 52
99 109
81 90
161 133
124 67
65 31
49 40
83 82
6 98
161 83
108 74
166 87
179 48
36 174
170 179
42 128
16 154
77 150
6 183
129 188
40 86
136 171
9 166
53 24
91 118
176 157
62 95
110 141
191 186
125 179
114 28
127 39
66 72
5 151
110 13
49 109
176 79
86 120
136 103
165 116
96 166
41 77
98 100
125 133
30 5
74 67
67 72
165 60
172 108
93 118
178 170
104 182
63 11
61 177
161 172
70 48
143 123
134 138
12 85
77 186
99 130
103 123
78 147
103 150
90 182
113 101
126 179
141 90
110 190
36 103
40 112
97 167
114 95
136 76
174 160
195 145
180 48
77 39
147 54
124 179
191 130
143 58
189 80
55 155
57 36
120 122
103 124
116 143
80 127
177 102
87 27
143 81
10 4
66 172
177 60
100 5
186 105
37 74
18 169
106 62
84 141
52 151
159 153
169 51
179 77
171 189
162 82
135 22
106 47
3 172
78 49
53 150
160 56
157 135
69 115
37 73
49 191
17 7
79 73
112 176
183 106
136 144
138 75
109 171
124 70
48 104
65 19
9 102
193 3
26 83
160 52
73 125
98 148
180 156
171 41
3 173
4 74
166 183
92 54
105 190
86 168
11 4
145 30
69 170
141 10
108 110
14 38
122 123
99 5
159 133
54 151
56 170
120 195
25 45
160 192
112 31
191 90
137 177
129 4
4 121
178 168
90 41
6 185
100 175
118 67
75 80
102 71
146 76
102 18
187 143
46 83
24 87
28 174
169 107
148 90
71 75
161 138
33 187
55 144
190 119
185 155
12 3
36 173
92 118
76 92
121 133
195 57
130 71
154 56
187 68
34 195
124 86
105 161
102 70
93 119
86 21
182 138
195 118
169 100
136 74
161 15
9 112
95 51
51 127
106 55
134 170
160 10
32 56
109 99
73 194
98 7
72 88
33 186
172 27
66 5
87 120
60 88
63 45
186 136
65 75
145 32
139 162
123 151
124 46
45 134
130 70
16 152
61 11
55 114
190 171
68 117
159 157
109 110
59 161
111 101
159 31
180 105
135 175
183 154
93 91
137 176
124 176
23 194
79 129
154 93
4 72
160 137
166 6
67 116
160 135
153 31
51 150
147 182
34 64
178 154
93 197
13 93
127 124
133 149
94 22
51 36
17 44
15 24
28 150
161 33
34 103
109 19
40 87
26 16
131 38
111 140
43 82
97 194
160 61
172 28
98 53
180 195
52 36
51 139
16 174
14 67
93 23
11 76
42 135
161 169
98 31
196 95
68 46
28 52
157 137
187 22
91 112
137 173
162 11
7 146
143 39
96 81
105 142
106 15
37 171
130 52
178 72
124 130
171 106
180 91
40 170
77 189
4 152
102 131
56 36
120 11
143 190
151 22
108 36
181 124
120 15
110 130
63 168
38 66
111 175
141 150
177 123
89 145
151 177
164 82
169 29
150 164
138 173
125 10
194 50
162 78
29 150
172 160
180 154
64 15
52 173
159 194
49 28
128 50
134 71
67 161
116 163
147 19
108 34
76 37
139 72
55 171
102 69
103 92
139 81
144 197
170 138
105 192
188 156
146 144
123 174
160 194
64 114
144 143
111 147
55 100
26 169
13 52
193 146
34 107
51 176
160 53
114 84
194 52
52 120
104 123
23 33
7 71
10 153
166 134
161 31
132 103
160 49
147 92
61 4
151 21
168 122
50 55
17 188
158 153
108 111
124 60
158 56
69 138
148 93
127 123
181 179
41 194
173 61
83 46
119 70
51 80
114 178
20 190
124 109
134 56
91 110
134 171
52 171
100 191
125 122
24 42
172 188
71 191
188 165
188 76
49 192
103 152
35 181
135 123
178 158
134 75
129 159
49 4
104 91
41 195
54 126
86 125
102 99
176 134
87 95
157 57
144 120
38 181
24 127
148 134
162 153
136 73
71 131
148 21
147 22
3 190
5 191
150 31
101 193
70 76
146 118
135 132
19 102
58 89
42 96
1 176
194 56
124 149
180 5
35 51
128 183
101 111
56 164
132 191
15 25
51 21
66 114
106 61
98 5
177 141
85 82
76 39
195 142
26 49
164 4
194 97
41 96
24 129
123 110
192 78
16 51
3 163
40 161
121 77
171 145
27 49
143 197
49 7
170 146
132 104
7 168
105 56
49 188
36 20
62 15
157 68
62 31
104 179
64 77
81 29
157 153
91 1
9 104
132 192
91 51
6 123
86 196
35 144
57 187
183 103
70 50
24 121
147 20
37 89
71 194
148 64
34 17
142 184
101 92
63 114
129 164
50 151
143 36
31 7
46 66
37 51
31 192
127 84
87 20
33 95
161 95
114 6
35 185
46 84
170 41
125 58
124 45
45 156
159 170
146 130
120 37
20 5
49 150
142 150
175 169
66 121
180 122
86 192
64 74
160 12
160 31
124 180
88 112
76 189
102 175
93 113
68 193
80 49
40 77
14 188
27 95
130 27
126 176
151 93
177 142
70 125
137 22
172 6
98 32
41 6
142 40
25 151
102 17
25 121
185 73
67 33
70 102
122 23
106 162
70 59
145 17
5 190
68 20
67 136
4 76
78 27
27 42
146 56
13 70
19 121
151 6
86 109
42 74
1 43
161 38
173 6
89 57
121 9
16 24
75 121
109 131
187 88
97 97
35 54
107 69
137 75
116 140
48 165
57 106
193 127
96 167
8 12
115 53
127 122
116 53
114 83
136 148
87 97
181 71
104 47
9 84
130 69
182 93
134 70
152 43
79 158
136 119
17 67
106 19
54 32
84 73
92 182
92 133
53 3
110 160
23 12
128 179
20 36
194 79
29 40
64 31
96 12
66 13
146 149
15 179
32 127
28 136
119 195
103 142
86 111
104 97
50 187
6 12
18 121
56 6
112 130
3 185
1 24
33 51
20 121
141 91
93 79
123 60
89 193
145 20
183 136
97 12
85 30
25 49
69 72
185 74
108 113
38 53
42 66
68 45
172 30
61 182
147 52
52 153
33 163
110 98
71 134
64 190
57 140
19 103
50 30
170 176
7 10
109 35
63 177
166 102
57 193
188 18
93 140
166 174
21 28
8 13
121 120
93 129
126 121
124 87
148 88
21 102
23 193
106 18
52 187
53 32
105 73
23 34
56 179
3 130
105 127
75 179
173 194
9 132
105 64
27 94
58 140
178 30
191 193
175 78
72 186
8 71
94 30
158 37
48 108
176 158
131 114
183 102
81 141
38 124
160 93
13 89
74 31
13 133
182 5
126 24
118 194
2 176
145 196
50 171
25 66
90 8
9 50
59 162
13 132
105 187
X
129 165
129 179
31 110
34 181
14 102
177 58
147 7
64 143
118 90
138 11
17 121
109 163
9 154
28 45
42 37
75 122
186 73
16 119
56 85
193 142
32 187
166 161
184 28
41 19
152 19
77 59
52 127
134 190
146 121
170 87
80 56
185 165
197 57
98 193
97 98
56 187
112 140
84 93
41 160
168 120
175 158
180 94
29 139
147 75
10 46
56 58
151 136
128 180
28 141
136 170
160 9
184 151
67 37
52 80
127 9
177 154
28 41
34 56
32 170
159 105
121 38
54 18
160 190
51 138
42 158
179 71
64 121
112 147
151 8
112 186
140 160
151 41
87 84
164 158
129 51
25 52
67 46
90 1
27 140
163 95
183 109
179 185
51 54
176 59
20 102
67 177
138 181
81 30
158 62
110 14
126 4
119 186
64 96
125 11
159 57
98 91
170 123
159 168
62 190
72 187
189 195
107 88
114 164
13 177
5 154
66 31
65 48
147 94
170 177
191 4
127 4
41 50
184 27
115 179
184 155
126 3
61 180
156 124
66 180
66 20
130 179
110 147
39 16
117 70
31 123
125 170
152 137
188 11
130 4
24 120
50 44
21 63
89 1
42 82
34 20
177 172
49 104
65 77
X
164 171
9 130
100 14
135 18
125 121
33 96
112 33
45 135
162 192
6 23
71 72
28 72
126 46
166 194
190 115
98 167
174 30
35 110
189 174
146 147
55 180
88 168
36 18
93 136
108 32
178 5
65 16
12 132
169 18
6 104
102 68
84 136
47 2
31 149
78 146
139 184
187 21
150 161
56 5
19 60
195 59
78 81
8 114
103 141
147 93
118 191
47 119
187 154
167 161
167 91
125 39
4 41
92 107
59 62
88 70
117 53
21 147
7 25
X
54 44
163 152
114 86
190 14
32 192
X
135 177
138 92
171 138
6 146
120 41
38 56
50 125
42 160
89 2
136 112
51 44
5 71
159 8
145 197
59 158
53 174
96 50
38 112
33 195
51 90
154 145
73 191
39 112
146 78
146 21
130 180
98 147
29 137
104 173
127 10
54 40
67 132
127 85
38 51
165 158
62 6
149 94
43 85
106 192
152 37
11 177
79 3
89 154
19 6
189 12
103 176
14 139
29 74
190 178
65 106
31 160
100 16
194 146
137 113
160 18
55 163
160 169
77 180
146 105
41 123
113 147
106 127
173 138
35 135
125 27
10 84
21 156
123 56
96 97
193 90
135 144
11 10
111 34
172 39
66 177
172 12
37 173
57 179
189 193
190 79
123 13
115 24
151 134
151 9
192 39
168 160
29 188
31 91
64 49
160 110
86 7
162 36
29 105
87 30
190 73
X
157 70
32 17
84 137
177 62
42 48
88 98
46 64
55 16
95 139
190 68
65 35
91 111
173 192
164 159
33 181
190 74
41 95
184 136
178 37
117 11
53 84
193 2
88 197
29 189
24 165
133 40
41 193
10 112
125 86
40 74
133 163
77 34
169 30
74 188
73 185
30 66
124 183
25 44
180 158
85 162
168 197
X
51 187
66 182
18 152
31 94
20 122
165 194
143 147
159 94
X
30 29
72 65
54 109
143 53
47 110
143 180
83 143
103 151
85 68
8 60
34 188
24 25
103 24
145 52
93 24
156 191
60 87
76 157
139 70
36 105
164 58
156 190
40 194
196 32
86 161
8 149
56 171
189 76
56 167
178 121
126 109
172 65
58 139
52 164
195 143
88 29
118 95
13 102
79 74
77 83
106 17
38 44
157 71
193 186
X
137 13
69 5
43 162
51 163
10 2
191 170
71 135
99 110
5 26
136 127
8 110
91 154
4 26
194 32
87 125
159 156
33 88
94 190
45 44
61 175
29 76
12 80
99 167
33 160
32 91
64 71
175 170
6 11
49 44
182 39
176 132
101 28
179 35
151 88
63 115
86 194
16 70
9 98
182 35
45 65
167 195
166 158
71 38
33 7
107 162
30 27
X
32 89
11 84
71 89
79 46
63 130
126 2
46 43
143 145
11 40
147 181
7 27
77 51
192 40
88 94
181 196
18 189
106 60
164 59
185 75
34 73
88 68
16 69
146 145
22 32
129 47
7 52
77 56
34 194
78 51
136 89
143 57
24 12
104 132
55 17
52 170
52 136
166 169
19 9
28 47
103 149
70 18
7 11
29 7
49 166
187 90
162 40
185 91
126 124
168 188
107 187
98 68
49 189
112 120
X
26 168
105 60
87 163
80 125
X
44 133
188 114
39 173
11 2
46 42
164 173
51 20
158 33
125 38
135 122
161 167
X
4 139
136 129
77 27
135 128
104 172
30 47
9 11
164 78
22 9
4 154
117 24
52 77
112 175
4 130
92 140
28 94
31 28
62 147
78 48
100 176
74 63
187 20
160 51
178 69
13 188
86 158
51 173
42 155
84 138
156 120
64 72
108 126
54 67
69 4
145 145
43 48
111 100
187 137
68 16
168 119
176 61
53 36
133 111
34 77
129 156
31 53
85 59
135 100
194 60
3 21
136 75
132 188
96 14
28 46
103 68
6 186
74 89
151 178
110 138
44 96
X
89 33
66 116
58 138
170 51
117 12
105 159
12 133
62 159
140 89
86 108
114 163
163 107
193 114
75 102
68 136
84 84
26 53
75 1
192 115
109 147
173 139
86 119
126 1
63 182
54 170
3 194
42 119
110 178
122 12
54 171
87 59
36 110
55 110
41 196
147 89
173 146
37 137
161 32
151 39
28 169
104 24
8 102
104 68
27 170
X
179 53
138 164
110 111
168 176
111 138
2 130
24 119
10 154
159 95
147 150
142 83
53 100
31 154
182 48
146 120
52 102
158 121
100 172
5 141
81 125
8 73
55 42
45 2
17 125
121 193
192 22
29 121
141 173
X
22 28
116 89
173 160
186 88
51 34
165 172
140 96
131 39
13 57
158 155
148 9
13 90
55 76
132 154
50 18
88 189
23 7
87 58
176 146
131 110
74 29
130 65
58 58
125 36
43 126
32 54
44 62
73 86
151 29
102 24
X
157 14
55 117
63 159
182 181
81 34
28 139
71 88
89 155
53 171
41 156
37 175
164 57
154 104
99 25
128 2
21 27
95 97
X
1 95
149 118
5 75
65 46
35 184
98 54
193 189
11 77
74 1
193 116
142 33
135 139
11 142
182 177
151 40
176 19
134 57
170 76
67 121
34 136
173 53
23 8
114 85
147 161
129 153
117 7
180 54
100 133
43 74
179 54
161 18
88 125
7 77
118 24
25 169
118 184
61 95
170 39
X
76 27
88 169
180 52
81 126
152 56
142 31
194 186
170 192
179 17
28 129
33 123
53 87
83 4
23 24
31 66
157 49
188 22
74 3
148 56
188 36
52 154
43 124
158 36
38 193
21 5
181 95
39 36
129 1
56 83
139 152
117 184
158 13
153 52
88 190
88 54
56 157
13 88
X
107 17
14 39
50 79
163 117
126 13
26 139
14 89
192 14
56 163
52 18
29 6
170 26
36 109
143 82
169 19
166 167
14 40
10 132
193 78
89 3
162 191
81 142
6 141
162 37
109 159
28 148
195 97
155 38
144 148
117 25
140 152
55 77
176 106
138 44
20 33
100 164
49 88
109 118
150 75
12 89
194 113
114 167
86 59
182 104
183 196
44 181
91 92
166 135
137 72
150 95
73 193
109 73
107 119
185 77
46 85
194 47
76 174
128 3
5 171
75 177
28 50
69 119
167 179
168 40
140 153
124 110
187 151
16 107
35 75
129 89
127 111
122 121
154 49
4 93
42 40
11 36
51 171
95 140
142 145
142 181
53 88
41 4
126 68
176 58
17 133
38 114
171 19
86 9
173 145
65 115
150 77
37 138
109 157
62 61
77 80
35 103
61 14
191 79
193 130
23 5
140 154
53 102
140 155
78 149
54 164
175 108
55 74
165 115
74 32
67 182
143 59
170 121
62 58
12 141
61 146
88 167
133 56
130 182
194 87
191 88
110 139
180 35
100 167
91 108
152 41
19 169
177 26
189 73
16 108
74 87
139 89
17 52
71 40
194 183
169 58
191 2
7 111
94 197
44 74
191 160
17 169
132 126
119 108
77 174
43 87
97 189
105 36
148 58
152 17
176 62
160 191
72 190
188 14
164 160
58 59
156 153
192 38
104 49
39 17
X
31 124
100 166
69 6
88 105
33 152
136 71
135 75
169 135
23 191
X
38 36
147 130
32 186
107 60
137 121
143 33
179 30
34 110
18 118
147 91
54 125
104 61
18 177
37 91
21 26
106 187
118 91
38 50
171 139
147 57
42 5
163 172
8 153
149 166
30 87
72 194
53 163
86 72
183 190
179 183
104 134
163 169
52 30
X
1 40
121 186
139 99
173 189
180 177
13 10
127 87
106 50
44 124
192 130
49 187
95 53
70 194
110 177
173 188
X
126 70
80 129
7 85
99 100
151 31
179 16
78 58
146 122
183 155
5 130
52 126
155 3
77 120
147 143
56 158
144 64
174 156
191 60
22 26
57 109
56 3
186 106
X
33 91
X
85 137
51 78
71 56
193 117
166 159
137 119
39 15
21 24
34 109
105 164
85 81
41 97
134 38
120 193
187 158
25 129
84 27
141 144
91 157
171 20
49 193
176 118
86 143
153 49
15 191
121 74
41 112
97 33
54 158
81 46
117 91
148 131
X
113 98
135 98
84 94
196 93
X
99 98
167 87
79 12
79 49
13 135
53 86
103 127
119 153
73 128
47 104
51 146
162 38
44 123
154 70
88 4
146 132
158 123
169 46
186 172
104 101
71 162
16 67
83 138
7 123
121 187
173 19
74 163
169 146
161 110
41 36
145 130
121 185
105 153
X
104 133
5 103
85 58
45 106
6 71
78 174
178 123
65 182
129 48
123 108
190 168
194 95
110 140
28 147
89 4
168 72
139 176
11 78
98 113
64 116
X
86 29
13 192
24 123
69 56
56 75
35 153
X
170 106
15 26
152 164
105 68
37 144
132 127
5 186
17 174
192 46
141 70
141 143
103 97
152 22
129 45
74 139
169 74
126 131
120 39
52 135
159 18
191 39
135 119
3 137
103 180
33 66
106 48
134 113
111 130
180 3
87 145
32 185
193 129
167 33
12 146
122 56
186 141
192 144
142 94
169 188
48 5
34 33
171 183
14 140
26 194
53 18
152 49
55 119
42 41
175 109
95 100
194 80
35 139
34 65
170 65
16 191
99 157
54 100
124 124
39 70
139 164
4 117
169 27
16 42
130 181
177 20
52 168
162 120
87 4
99 158
146 143
87 194
23 63
162 122
81 77
33 182
149 31
18 165
103 182
29 97
104 107
34 138
139 154
184 196
55 15
47 50
125 12
138 122
109 122
106 59
135 72
139 91
14 24
X
143 52
63 180
46 86
40 124
112 134
X
30 32
100 88
149 88
6 77
90 173
45 86
X
182 2
107 58
130 156
83 1
36 172
15 176
107 31
110 15
72 66
38 49
4 94
80 73
7 173
160 33
48 156
88 102
61 181
146 106
181 101
X
25 67
159 107
36 175
13 40
104 131
130 1
29 45
55 67
82 138
85 93
25 78
60 59
97 112
104 92
97 111
188 91
189 165
166 173
108 170
64 7
81 27
190 66
115 86
158 127
187 139
75 174
34 186
130 159
97 110
79 30
87 3
128 30
190 156
187 142
107 59
72 67
56 7
87 197
23 41
143 80
141 177
95 99
77 119
5 178
29 138
X
74 128
137 171
70 56
97 113
2 131
75 160
180 81
168 26
69 71
17 56
193 22
151 30
77 121
118 105
5 119
129 90
9 101
167 181
160 21
52 163
86 104
53 33
176 168
50 192
91 158
158 8
7 167
136 105
18 179
151 7
141 57
143 195
43 40
13 53
50 114
130 45
169 49
159 74
17 57
5 58
66 168
96 19
176 194
38 30
46 44
68 57
25 68
145 150
172 51
27 45
83 164
51 174
31 26
52 101
97 30
74 125
30 160
175 94
164 170
30 75
133 114
15 79
91 131
179 186
18 174
67 35
98 156
41 116
105 101
1 22
176 117
X
109 130
28 79
142 42
53 120
92 184
90 112
174 77
165 76
147 170
127 35
85 155
128 24
108 167
95 64
14 133
145 118
X
28 127
158 20
70 166
161 21
185 76
17 77
170 135
168 161
70 190
179 31
70 162
87 56
177 72
15 108
118 140
22 147
151 37
67 171
68 36
29 33
6 102
13 11
160 62
51 167
191 179
160 57
39 175
38 29
195 113
34 185
161 13
125 149
97 81
22 104
132 56
94 31
99 134
99 172
73 60
39 142
43 155
177 143
122 158
114 166
17 167
4 123
27 134
91 173
55 52
160 174
191 118
6 49
24 114
48 167
15 89
160 120
134 21
177 194
12 90
42 67
46 68
143 143
X
42 124
54 163
171 10
66 11
132 165
182 25
98 51
29 118
36 104
145 131
141 74
76 28
10 11
102 92
113 175
175 97
71 132
89 173
19 156
192 41
159 52
119 24
X
176 97
56 139
194 86
9 52
X
140 70
31 106
18 123
161 86
78 151
175 194
102 176
147 166
137 110
42 65
31 174
102 91
180 186
175 76
71 147
105 57
29 47
93 108
125 176
70 164
119 25
X
170 28
139 101
21 6
34 74
53 21
126 125
65 180
148 146
179 122
169 139
92 51
165 155
59 6
14 142
148 78
187 168
70 19
42 136
62 60
139 71
54 179
135 113
122 28
176 109
79 125
136 70
82 72
19 165
139 96
41 91
157 134
75 147
143 95
90 10
37 49
95 79
75 65
60 158
63 47
38 183
11 89
189 22
192 29
41 192
73 151
130 192
138 72
188 154
146 165
181 184
179 102
X
46 65
30 98
63 163
179 27
23 68
186 138
79 177
56 108
136 11
155 8
72 162
159 127
180 77
48 154
38 39
138 100
171 75
8 150
112 190
86 142
121 162
98 88
175 95
120 191
35 17
154 71
X
36 107
84 29
148 18
162 115
5 117
125 51
78 126
94 40
168 62
49 153
38 194
28 42
31 115
5 192
140 156
149 78
90 51
96 83
53 154
159 103
159 167
87 192
31 125
94 81
88 170
160 74
138 70
126 28
182 122
X
96 63
38 126
59 160
168 121
137 70
59 7
137 154
80 142
66 106
36 144
52 103
6 14
X
137 15
152 51
192 183
171 46
X
43 70
93 107
104 162
X
X
195 117
166 85
166 83
38 175
79 159
51 147
X
138 154
88 10
105 186
166 171
5 173
X
167 188
190 75
107 71
51 135
17 119
137 155
144 54
168 31
191 41
159 36
9 168
188 151
149 66
178 27
7 58
95 33
X
165 87
105 162
161 120
42 181
62 62
112 34
X
54 187
127 45
34 152
160 127
57 33
39 67
152 86
129 31
94 193
29 107
32 51
99 108
148 77
75 86
25 46
56 59
188 35
71 128
28 44
54 55
52 158
118 80
175 6
130 163
36 49
155 180
54 75
24 139
193 88
124 71
73 152
56 87
168 76
191 187
42 116
182 101
120 56
134 148
138 108
12 107
126 183
44 86
120 148
65 14
154 105
84 140
36 148
81 54
76 32
86 121
177 108
45 5
53 5
X
8 52
10 128
41 164
167 31
85 105
171 122
169 47
55 23
142 37
185 89
49 15
40 196
46 123
20 153
27 84
75 138
169 189
64 76
X
134 23
187 140
162 155
X
70 44
18 115
143 66
24 21
35 105
154 143
177 138
23 14
25 53
79 54
66 181
70 16
129 49
191 52
91 121
76 160
55 179
26 123
124 170
191 10
189 68
86 27
110 59
138 162
137 77
132 99
157 195
92 69
56 60
99 113
2 194
X
155 72
42 166
193 29
12 108
8 74
192 177
7 75
21 68
50 51
171 119
111 75
110 142
53 113
3 43
X
85 154
103 49
39 18
159 120
155 9
20 152
101 62
15 48
172 46
92 189
124 69
11 178
66 3
98 134
53 6
3 25
38 68
66 175
38 147
37 147
8 58
30 148
88 104
29 136
110 176
122 74
55 188
64 192
133 126
26 193
136 72
188 160
10 168
170 48
66 12
127 67
144 33
43 66
192 13
121 184
19 123
69 131
25 139
169 194
25 181
65 102
159 13
180 2
3 183
89 34
18 175
87 2
190 50
137 101
109 167
138 45
84 161
158 38
131 192
74 99
135 77
90 189
71 93
88 59
83 2
13 51
50 127
6 52
162 167
162 174
38 65
X
25 127
118 51
128 35
168 159
41 125
6 48
40 162
87 189
73 148
74 100
28 124
179 72
120 184
112 32
36 147
168 46
191 188
48 106
92 93
192 145
27 47
150 76
103 28
51 141
72 125
23 26
12 179
22 17
79 161
X
98 172
56 165
39 143
163 155
111 187
70 163
119 50
190 118
178 81
86 17
84 30
181 5
2 192
6 130
111 76
97 50
42 120
83 73
166 104
3 182
170 31
49 194
85 57
134 74
86 68
53 104
45 105
119 48
9 99
74 162
16 106
36 50
154 86
16 48
193 50
162 124
94 32
155 13
X
X
161 94
63 155
72 150
90 183
175 93
X
191 18
49 106
130 50
15 27
83 162
13 56
147 158
59 5
127 88
93 183
110 188
149 18
78 122
40 15
X
81 32
93 121
126 51
27 85
131 40
31 87
112 188
54 47
13 191
170 134
143 148
148 158
X
113 138
38 196
105 47
144 59
120 140
183 105
171 61
42 183
158 21
194 48
178 76
19 115
36 146
159 110
123 170
X
X
167 180
168 63
64 191
67 172
137 11
145 143
X
52 157
34 49
87 72
61 143
69 132
152 88
67 34
75 108
40 29
10 88
24 137
92 62
49 6
143 40
39 145
X
168 75
88 121
11 88
169 38
10 110
X
18 116
195 60
35 49
55 3
115 47
109 132
41 10
161 127
X
73 161
12 150
150 21
X
149 8
119 26
35 77
89 170
179 2
14 80
39 196
72 59
15 189
7 104
34 76
X
174 158
174 157
14 48
126 170
67 105
20 63
25 40
159 173
89 158
71 74
24 47
X
144 184
X
125 52
26 118
68 181
180 155
112 132
171 21
31 52
88 27
100 147
103 160
174 146
38 127
77 157
41 155
113 9
64 155
140 41
138 177
108 124
43 181
114 24
46 106
84 71
87 155
93 192
X
120 70
17 168
122 130
98 30
104 142
157 136
32 87
189 115
162 154
57 77
46 62
145 40
43 183
69 86
140 16
81 47
X
65 120
191 86
85 84
44 166
104 112
100 134
31 116
96 32
41 47
127 90
14 130
178 35
70 3
175 133
88 158
79 157
27 172
184 191
122 125
X
75 180
148 104
64 8
179 106
X
188 66
150 158
89 59
75 109
171 188
121 194
55 181
53 140
X
137 9
X
189 192
74 98
120 14
82 86
112 189
64 180
111 118
31 51
84 164
34 26
25 195
188 157
40 27
16 155
163 174
67 135
63 145
96 33
31 119
31 190
124 84
55 78
63 156
112 98
54 118
X
54 113
11 11
76 86
98 176
12 102
95 52
138 16
123 176
117 95
136 132
98 14
71 146
53 85
14 93
36 185
138 121
X
31 153
75 3
70 86
21 34
31 105
156 8
149 92
97 84
165 176
60 86
X
68 37
14 42
71 3
26 165
190 106
53 118
103 47
70 165
154 84
11 128
X
110 58
189 78
162 127
X
7 154
124 133
63 8
173 195
17 78
189 79
176 95
87 147
101 63
42 10
189 130
66 35
71 103
84 104
192 5
79 136
65 168
139 16
X
177 70
193 187
109 13
13 24
152 82
156 176
176 16
56 110
131 41
50 77
125 109
153 93
X
27 127
181 186
32 125
126 71
59 163
183 35
105 99
107 124
73 192
16 27
14 108
28 168
46 2
188 152
140 91
118 43
107 85
45 82
160 106
X
87 33
147 67
142 59
187 169
122 154
134 188
72 93
39 128
143 65
39 65
156 61
55 104
141 162
169 176
179 104
158 18
169 142
152 90
174 162
178 120
142 38
109 148
76 109
154 72
4 95
82 44
88 120
52 44
49 89
62 35
131 159
17 180
172 53
122 60
81 3
186 66
29 26
187 156
X
170 89
19 151
144 119
15 119
67 160
167 158
13 25
132 128
62 177
77 151
63 116
154 103
66 179
9 128
170 183
X
161 174
92 138
3 95
188 100
122 14
37 90
158 39
53 43
50 115
25 150
27 78
32 195
76 180
11 79
144 194
43 46
180 30
54 102
108 187
127 13
67 133
79 138
110 157
144 188
66 155
172 138
X
174 28
141 164
86 113
52 47
100 19
132 100
34 187
91 129
138 161
172 40
87 34
4 137
110 32
182 186
181 27
156 49
159 174
157 139
32 155
101 60
5 101
48 170
11 91
134 39
100 149
12 148
73 190
72 56
183 186
192 86
157 10
56 62
90 154
66 6
154 135
26 47
156 177
159 96
110 179
96 156
51 47
170 133
155 176
21 153
14 27
48 171
X
X
81 33
141 71
64 3
41 40
39 146
125 37
X
4 184
87 158
79 28
55 175
155 84
55 101
54 5
138 93
17 76
132 159
24 79
79 31
26 141
53 127
102 147
191 46
132 131
159 38
122 133
133 161
10 48
118 47
145 64
87 105
9 26
191 165
177 32
51 154
13 26
44 163
146 119
121 80
23 18
38 128
101 172
6 154
164 56
X
38 40
155 1
168 39
93 194
147 134
175 134
158 32
72 57
162 190
69 171
4 149
92 64
130 63
118 81
155 193
44 95
129 163
168 60
62 8
157 105
X
14 57
141 175
162 106
155 82
85 56
89 101
156 144
4 21
53 192
X
6 22
60 163
172 18
95 24
193 188
10 113
153 84
79 29
136 16
195 183
137 152
119 47
76 146
X
33 154
120 120
X
67 159
162 42
82 49
105 71
159 49
42 87
125 113
110 161
X
132 155
75 98
100 12
36 106
34 19
117 39
91 63
44 49
67 168
172 146
146 36
143 96
32 160
78 161
57 35
180 90
10 27
137 114
128 84
171 120
134 104
49 2
84 19
125 148
74 59
29 187
134 19
128 67
77 12
3 93
45 136
163 108
111 179
X
94 189
163 96
6 25
38 184
174 26
34 66
52 124
121 129
188 73
14 115
56 135
X
78 129
81 56
44 44
160 60
75 119
51 137
53 30
132 129
77 109
96 67
X
178 32
169 145
127 175
109 133
180 36
67 139
98 8
134 146
78 98
107 180
121 42
177 145
13 136
X
163 94
87 1
63 172
73 150
65 6
14 116
10 140
25 125
28 123
133 105
X
152 91
56 73
X
34 18
83 72
137 174
31 5
46 70
49 3
2 191
50 74
40 148
26 181
34 189
X
15 69
127 171
157 133
97 80
190 65
194 49
80 13
139 103
90 145
165 56
78 119
X
72 135
10 51
67 158
X
195 115
119 28
84 102
100 193
X
78 99
26 191
25 83
90 53
51 43
44 50
28 13
137 141
81 45
72 63
115 48
175 162
141 184
179 28
86 197
105 58
94 132
190 51
124 182
186 67
53 179
41 7
12 153
41 86
81 136
79 179
161 137
X
33 127
81 129
188 172
83 163
76 87
121 104
37 77
153 82
40 128
X
149 68
167 182
126 84
10 89
169 20
52 144
X
X
44 46
155 42
74 150
193 4
94 79
55 173
42 179
178 109
13 47
X
63 48
161 77
90 193
59 155
115 49
X
189 35
59 58
23 15
143 64
148 170
158 110
67 180
160 121
93 112
71 90
53 44
138 182
174 138
15 188
88 99
52 67
66 1
112 133
190 101
108 77
134 126
133 150
80 29
X
55 40
102 28
157 194
37 169
29 109
24 46
165 77
142 123
16 175
192 181
176 83
130 3
15 77
141 45
122 144
106 38
164 6
25 51
71 148
100 173
77 16
75 175
41 157
7 165
5 100
130 154
175 163
81 2
28 27
6 13
106 63
127 50
119 27
105 25
84 98
169 32
138 170
24 40
164 161
188 143
147 117
125 120
11 68
16 188
121 41
97 52
X
41 147
125 76
118 192
148 105
128 68
191 172
94 64
51 24
33 105
130 23
26 87
90 180
179 70
151 137
107 181
29 120
49 54
27 74
168 61
95 30
29 186
68 44
83 136
194 115
148 144
X
45 67
113 10
76 31
34 146
36 75
128 89
44 47
62 1
183 25
74 60
118 83
41 181
91 193
X
120 121
89 123
181 70
61 155
73 139
158 63
97 19
44 179
85 71
126 45
53 27
165 2
23 36
177 117
170 90
151 171
52 75
14 141
95 138
159 10
X
27 168
140 14
2 93
160 167
95 13
54 106
169 144
156 196
84 86
183 185
X
8 168
5 98
157 12
63 93
45 39
177 109
156 123
130 24
117 186
131 57
159 63
138 96
61 58
187 166
30 146
166 154
143 41
129 91
138 18
175 92
109 123
24 27
182 4
35 31
42 36
99 147
73 188
X
170 143
51 74
141 95
81 4
143 44
163 106
85 141
118 69
X
12 154
194 89
51 119
37 56
121 10
24 116
103 164
14 117
137 95
132 161
24 191
141 55
31 120
43 135
79 27
74 82
154 176
111 170
126 37
18 134
183 184
49 42
133 130
119 163
183 30
30 190
193 86
10 87
29 141
130 31
154 94
191 166
28 49
157 144
6 50
5 174
158 130
158 29
126 172
188 67
131 42
X
26 79
89 112
X
14 129
129 67
87 35
67 157
127 170
142 197
164 118
33 56
12 4
179 109
X
188 10
1 93
45 104
3 161
22 137
125 71
23 185
75 161
85 95
88 35
X
60 1
143 31
165 85
63 1
8 112
23 42
174 53
184 190
112 121
14 193
98 165
92 53
167 197
X
11 69
4 75
145 65
68 134
180 119
171 181
141 81
167 135
88 149
49 43
X
38 144
163 116
159 33
155 192
1 92
83 86
193 126
192 12
6 139
153 37
152 21
192 171
21 8
166 56
136 131
21 154
X
111 122
36 77
88 123
151 28
1 161
92 109
193 97
109 187
125 79
38 62
101 154
157 3
157 8
108 157
70 8
105 34
78 108
136 108
193 183
145 54
74 57
188 106
98 92
32 163
8 72
16 92
153 180
193 192
1 162
96 100
159 21
53 180
X
159 130
190 102
31 95
40 31
13 176
15 193
106 32
152 171
55 108
75 163
4 176
61 176
145 59
193 193
165 118
140 12
14 131
192 143
95 14
85 157
79 121
133 165
123 91
69 121
10 142
133 98
125 74
94 62
183 104
99 195
169 110
34 123
50 157
75 83
131 112
80 143
158 15
141 82
68 179
68 56
147 36
159 104
7 110
188 8
194 93
3 178
51 51
177 27
X
16 178
193 21
157 15
124 47
125 91
X
111 110
38 169
125 100
38 63
167 4
108 118
107 123
X
117 40
38 43
3 179
109 31
X
120 123
30 121
170 72
140 164
154 89
60 84
90 197
157 145
44 155
120 67
173 62
119 145
24 140
183 124
105 152
173 162
16 46
X
55 166
71 104
X
94 194
X
88 8
83 49
109 77
147 64
X
X
103 99
64 35
173 28
X
141 146
55 139
151 170
178 124
28 80
61 94
195 130
32 94
173 33
179 108
16 71
176 80
23 195
161 170
122 111
175 7
162 152
9 88
126 182
172 110
191 22
19 8
97 157
92 176
107 68
134 73
65 169
47 49
189 14
111 134
154 43
39 62
X
52 191
156 62
56 78
113 12
100 28
193 46
181 181
162 21
136 167
16 105
157 143
81 55
171 72
X
9 2
68 119
53 35
149 64
77 45
43 119
72 126
193 113
166 60
130 67
104 164
76 102
68 180
69 70
12 103
X
50 75
149 29
74 83
188 39
26 119
25 141
77 161
7 73
65 11
88 69
194 88
153 29
35 147
124 56
X
127 27
194 180
169 62
84 99
176 197
75 67
74 126
98 107
62 188
140 10
16 93
134 110
183 143
55 182
X
110 77
1 91
43 156
24 78
192 172
7 174
38 31
63 188
158 50
53 47
138 111
33 55
33 185
165 4
154 180
120 163
76 161
130 29
32 108
91 40
X
29 104
X
106 77
37 87
66 17
195 186
X
185 167
118 68
193 118
124 91
150 28
83 68
X
134 105
X
X
92 40
120 133
20 104
20 166
12 36
22 101
185 138
158 57
X
73 147
184 194
46 39
90 158
X
7 62
172 180
183 49
84 76
84 95
106 74
3 186
131 153
140 11
15 106
60 8
68 177
140 75
108 121
187 170
133 128
47 53
X
175 161
71 136
138 180
X
52 70
159 171
168 65
172 162
126 129
24 134
172 47
191 59
X
52 125
157 106
148 52
183 192
52 32
53 124
148 132
28 121
73 189
49 5
165 180
40 36
170 119
143 42
183 107
144 105
100 13
10 47
16 80
128 63
X
27 81
4 77
112 113
141 163
14 69
76 162
54 14
23 141
92 177
92 113
63 160
42 75
125 77
124 10
107 179
64 94
73 163
125 57
80 12
24 138
33 192
37 88
104 106
74 101
51 120
126 47
17 27
12 142
X
160 55
92 41
41 27
113 8
33 63
175 103
40 70
189 19
165 82
42 70
36 73
156 154
51 52
141 9
65 36
78 109
87 68
144 118
134 22
175 154
77 49
35 154
64 1
119 184
93 25
149 30
160 36
179 92
67 138
138 91
87 7
X
120 124
30 195
90 105
85 19
161 189
155 10
138 19
51 115
111 31
66 2
71 37
192 52
21 62
157 104
27 173
128 37
190 195
139 14
51 144
73 88
175 164
190 47
181 96
171 26
136 177
131 111
13 76
134 54
52 76
9 46
46 40
143 68
141 59
166 155
105 31
127 174
177 81
181 108
21 84
125 75
17 123
X
191 89
25 134
110 158
18 125
54 36
55 18
195 3
155 12
88 53
5 184
24 68
88 145
23 67
51 29
188 176
52 79
162 96
168 52
194 2
142 105
X
158 135
132 163
X
46 69
138 110
55 195
154 102
45 133
111 132
131 62
35 155
56 113
156 155
138 89
122 162
4 118
31 147
105 49
69 7
70 20
146 117
16 156
114 175
57 58
50 27
24 195
53 23
152 133
107 182
100 15
65 121
167 26
169 65
52 176
90 123
73 65
121 13
161 168
121 158
96 68
123 153
82 74
85 83
80 77
X
56 67
63 50
22 140
167 189
95 159
155 86
47 10
83 70
121 43
84 20
148 68
87 157
6 24
8 30
46 82
148 164
157 69
112 112
164 5
91 177
179 119
X
78 107
64 45
179 18
122 109
92 175
4 73
97 108
180 191
66 158
53 191
174 155
195 116
187 160
74 189
173 141
63 51
68 176
152 28
10 146
67 169
105 39
154 101
172 106
28 43
164 154
106 179
140 15
39 19
43 166
148 106
117 8
177 76
178 39
74 34
124 74
118 37
84 68
83 141
74 160
56 137
73 91
11 151
6 138
88 196
52 166
18 156
172 31
103 60
86 154
X
X
112 111
77 32
180 76
49 14
X
145 33
123 74
186 103
41 48
45 137
99 88
138 41
71 36
183 181
119 154
75 137
104 38
190 35
34 105
17 5
75 157
X
138 152
103 106
96 30
139 83
46 38
7 48
30 94
57 194
158 124
154 91
108 171
82 50
188 12
23 16
146 40
80 60
130 62
94 133
11 154
61 189
192 82
13 80
177 93
81 59
139 74
68 59
68 172
X
127 183
5 121
163 93
44 162
159 139
86 102
191 19
86 191
156 63
126 49
139 173
X
163 118
175 168
187 136
47 51
85 27
25 41
161 136
70 135
107 189
68 60
85 163
51 158
X
57 85
53 78
161 106
27 53
21 151
30 33
165 86
119 143
40 173
166 153
18 5
51 50
66 37
90 177
183 142
133 42
36 169
142 180
78 29
6 30
141 121
63 178
131 65
85 35
99 26
169 60
155 11
X
153 28
165 178
183 183
33 162
147 188
122 10
158 3
24 15
X
104 108
147 148
66 73
1 163
73 162
47 47
X
X
8 88
181 120
53 181
71 152
103 27
24 124
187 102
86 81
17 53
133 58
54 70
182 91
190 41
185 136
122 124
157 146
76 1
168 53
X
25 12
107 190
121 124
90 146
173 65
X
26 51
169 191
66 4
125 145
X
137 138
156 121
30 26
96 66
161 30
103 147
158 5
166 2
123 160
60 83
109 169
107 15
101 61
55 47
120 149
9 131
175 160
X
182 38
25 65
X
145 57
98 19
56 136
175 8
112 187
192 142
87 18
193 20
90 190
68 120
88 32
69 8
99 24
X
77 98
177 197
78 60
113 149
181 109
36 149
51 23
156 15
112 142
21 100
6 171
125 147
138 119
156 105
68 168
149 164
X
120 161
190 104
136 77
64 2
143 45
17 166
79 122
52 51
142 90
28 114
188 137
78 100
181 190
159 54
109 100
56 79
138 98
X
136 109
119 151
128 71
86 122
68 35
129 46
69 40
167 190
X
98 52
X
164 168
175 91
65 175
5 123
169 196
97 100
50 164
70 36
178 155
112 38
190 46
4 151
184 141
88 7
152 16
85 99
102 134
7 112
39 39
43 158
71 4
4 131
78 106
158 4
99 149
172 50
182 183
137 104
93 64
76 89
47 55
26 120
77 100
132 115
63 6
139 9
X
X
74 159
X
76 48
108 31
77 107
25 114
91 22
91 156
90 194
135 11
46 37
16 91
4 71
135 173
142 102
66 16
169 138
184 142
46 119
56 182
13 128
52 167
170 21
177 83
48 110
166 152
163 109
161 42
42 43
56 153
147 189
133 140
64 144
22 141
143 43
X
X
53 54
55 75
53 175
25 42
55 136
52 27
24 17
X
27 136
52 68
80 54
176 130
150 88
139 100
X
38 37
193 5
X
69 60
83 161
139 94
70 45
177 144
40 62
X
X
74 161
150 171
9 4
131 58
25 147
104 99
137 16
119 43
X
40 174
68 182
134 72
150 16
37 76
X
175 131
X
33 6
145 188
21 150
173 197
71 73
106 182
49 84
135 174
106 13
42 125
136 146
169 119
191 56
108 161
44 137
171 178
121 78
88 56
74 91
13 13
141 161
119 104
187 104
107 39
179 154
69 89
X
173 21
34 27
31 118
172 163
55 33
56 168
21 83
39 116
168 135
124 98
190 116
115 175
X
63 15
50 88
191 77
128 38
141 122
39 171
165 88
177 18
74 157
103 153
X
29 119
63 147
65 171
40 165
X
142 41
58 61
189 104
140 183
X
X
93 122
74 27
31 155
127 11
97 190
19 188
X
33 125
127 86
13 44
74 28
49 17
48 2
29 41
177 132
87 93
71 189
27 129
103 51
12 73
142 52
57 192
79 32
139 82
X
179 105
73 166
78 16
107 120
173 26
55 32
177 95
183 39
188 40
92 197
70 128
19 186
155 14
192 90
100 152
138 171
168 41
168 134
X
142 45
172 109
79 137
71 149
137 140
103 163
82 90
20 17
172 26
171 51
193 195
105 179
41 146
29 114
102 19
54 108
93 84
65 118
X
184 139
101 195
124 23
100 150
31 127
158 107
123 90
120 9
126 39
19 63
164 2
69 36
188 92
150 6
171 48
133 164
87 19
191 87
182 190
78 127
59 156
172 32
3 184
23 134
148 149
92 174
25 185
173 18
X
171 146
116 178
57 191
76 46
20 186
140 162
126 86
51 32
111 98
X
138 95
155 43
189 77
135 176
20 124
63 171
121 140
156 122
124 89
65 172
117 80
12 147
106 73
75 131
X
31 103
190 166
133 192
189 126
X
171 191
4 174
87 81
81 86
159 78
90 196
X
X
145 195
156 57
87 32
9 30
70 6
183 180
194 46
110 31
120 10
61 162
20 32
67 32
56 118
60 58
33 103
27 171
93 85
186 65
X
X
13 181
28 149
7 171
X
181 194
11 67
31 33
20 187
24 151
53 29
X
99 28
55 73
48 55
13 74
80 14
82 141
57 83
122 110
72 147
72 188
189 39
93 181
46 41
188 41
49 195
138 22
47 48
162 169
44 161
5 30
192 174
127 23
X
173 142
23 13
33 53
39 91
89 54
80 27
173 143
141 75
21 36
134 42
125 89
11 168
13 73
69 105
X
62 163
52 40
155 191
92 190
146 123
28 170
141 160
136 150
126 31
76 47
5 182
12 74
X
162 86
24 18
139 45
X
144 182
3 176
53 137
104 109
74 56
11 93
140 80
127 71
172 142
118 70
77 13
22 138
189 8
133 160
13 27
30 28
56 68
75 29
99 8
31 152
X
78 105
68 175
48 169
177 196
175 104
19 153
83 81
80 58
14 76
156 13
X
160 8
77 14
120 130
145 18
42 50
133 141
133 147
143 188
12 151
106 142
44 115
125 59
131 156
51 33
X
175 102
110 101
112 122
65 71
75 32
179 60
109 15
115 167
55 53
X
2 132
X
123 161
X
110 163
34 106
6 131
15 57
13 72
95 25
190 172
120 151
149 90
189 142
101 190
X
18 176
180 192
158 2
168 133
124 97
183 123
86 35
194 31
152 20
121 109
145 115
192 186
141 176
23 184
166 4
170 74
91 64
168 28
153 171
28 171
72 146
123 172
132 109
174 76
125 80
57 182
193 32
105 26
99 99
187 172
93 83
183 177
127 173
12 149
X
119 152
104 32
128 36
X
12 181
X
128 52
179 81
38 192
168 178
20 9
X
X
23 9
91 155
137 150
127 52
55 36
40 144
49 16
181 177
86 164
25 123
54 107
74 166
X
52 139
53 176
179 61
16 55
X
134 192
163 115
179 82
11 149
41 98
176 20
50 195
27 98
130 183
64 175
92 89
22 83
145 116
64 163
99 176
56 151
123 173
X
165 196
22 139
100 24
135 20
15 192
141 119
122 132
5 139
179 39
11 38
192 2
162 121
71 150
25 43
32 98
61 188
X
104 37
112 39
113 24
1 23
65 49
100 195
53 139
160 13
143 29
139 41
87 57
183 31
80 16
138 42
175 171
160 29
175 105
64 189
152 57
196 183
10 147
100 148
7 113
38 67
130 191
139 98
X
73 93
120 13
110 189
156 5
161 134
X
18 186
169 106
191 50
172 10
27 75
151 169
181 102
135 140
X
68 72
36 56
172 179
193 174
132 168
17 47
100 111
65 117
76 88
133 159
89 58
10 28
191 126
175 9
112 179
95 54
150 9
147 190
195 4
148 143
74 33
6 62
24 181
154 146
172 38
38 87
77 54
64 14
98 90
176 92
186 90
93 65
79 127
X
165 89
110 17
46 36
X
X
41 49
184 37
124 113
167 29
32 26
194 119
64 172
182 30
16 53
169 28
152 50
104 35
27 119
157 101
X
168 181
89 10
142 14
2 39
171 76
119 162
161 8
92 43
X
29 115
122 31
45 41
X
104 152
34 148
160 19
112 101
113 150
X
32 8
110 57
177 78
195 179
28 74
130 68
75 66
44 182
193 48
173 190
64 95
89 56
187 92
167 60
23 192
42 121
189 160
16 44
109 121
53 182
146 77
98 111
57 139
61 128
182 29
X
110 18
186 102
50 113
48 47
53 188
48 50
178 157
149 75
121 149
135 121
50 80
24 115
121 121
127 113
188 68
124 99
22 134
41 29
65 3
27 114
142 103
105 27
74 65
91 24
158 101
86 195
30 194
131 115
95 67
144 181
2 193
64 51
102 60
195 32
132 110
129 50
91 182
143 189
26 45
186 155
124 145
54 136
28 26
81 128
175 139
115 51
88 109
X
X
2 25
56 169
189 167
15 190
123 57
53 173
57 119
34 149
90 109
137 20
61 129
183 51
150 117
176 172
135 138
62 145
48 10
145 114
37 54
135 24
140 184
133 115
12 175
106 75
157 5
44 36
39 87
126 100
4 119
181 69
158 139
5 29
99 111
176 18
77 57
X
135 130
158 42
120 145
179 50
49 85
158 10
126 91
134 76
X
134 98
15 115
192 158
18 178
106 143
57 118
X
34 190
51 195
168 91
178 18
174 32
X
105 189
87 167
74 4
52 20
82 4
31 55
86 190
146 114
52 150
148 75
184 143
25 15
X
102 172
40 63
53 14
12 14
188 89
121 144
130 155
41 46
126 113
89 105
74 134
153 95
176 143
105 160
178 117
181 30
171 9
147 171
X
19 167
29 106
40 164
168 132
106 76
99 164
188 88
126 35
19 5
95 137
100 131
X
152 95
44 43
98 173
106 31
111 167
43 44
8 100
180 157
46 104
34 51
51 136
62 3
10 50
62 175
120 143
99 12
188 167
17 55
141 145
12 2
87 162
187 138
53 138
154 57
122 80
4 163
33 30
171 28
97 62
76 49
96 165
68 47
171 18
56 192
130 25
110 167
70 57
57 79
111 113
160 139
23 166
49 87
7 88
91 180
181 121
36 54
169 102
64 145
45 36
55 106
88 147
137 96
97 79
145 19
41 180
4 161
X
113 26
165 179
157 120
137 99
122 26
5 62
66 36
85 34
130 30
61 144
31 54
189 100
191 194
187 65
114 10
81 143
125 124
158 129
74 131
147 114
145 36
117 38
118 162
185 143
122 104
X
71 102
54 110
25 84
61 156
44 37
172 33
59 89
136 24
104 31
126 174
148 103
X
40 76
191 58
121 143
24 19
21 152
75 63
18 135
X
126 8
X
83 83
X
81 28
42 77
6 10
31 8
121 154
146 18
187 18
44 116
53 136
12 15
178 172
112 118
194 90
103 88
4 146
85 33
57 120
X
16 137
31 107
49 8
180 180
173 46
20 167
X
81 60
158 104
128 23
88 110
X
135 126
91 25
125 183
X
97 54
182 27
72 166
50 158
101 108
145 106
52 84
162 194
51 194
150 17
41 62
38 182
51 27
93 109
8 26
123 31
183 50
76 5
88 9
170 91
44 76
132 156
101 176
179 32
176 154
61 127
171 123
167 88
31 49
4 148
X
31 109
6 140
8 84
103 161
14 191
77 145
X
69 168
57 73
98 174
154 37
72 152
41 74
162 41
43 77
41 2
137 102
81 1
23 17
97 82
165 169
159 60
47 54
85 32
131 165
24 185
82 46
63 128
14 74
33 54
X
182 124
16 179
63 129
2 21
108 73
104 174
74 81
126 48
104 36
116 144
26 185
134 77
X
33 161
57 32
38 55
134 191
189 143
114 12
36 55
X
52 195
13 190
183 153
89 147
75 134
47 121
158 194
156 72
X
44 135
103 72
102 98
192 159
86 10
121 107
34 145
X
192 18
72 60
51 55
78 150
128 192
170 33
98 189
142 15
128 4
6 51
148 114
X
57 74
19 18
160 130
76 33
26 184
3 39
51 22
166 168
22 135
158 60
139 177
195 187
129 192
137 149
X
61 15
42 133
44 94
90 192
184 192
92 120
157 11
160 15
125 119
X
7 84
101 191
75 34
124 31
157 9
23 40
81 58
7 46
8 76
95 158
65 103
53 194
77 29
142 104
177 94
41 83
195 129
191 115
16 68
161 96
169 48
174 8
78 14
76 83
191 174
24 136
159 42
169 50
104 147
132 130
17 137
75 178
167 177
138 183
67 16
176 17
X
192 118
176 91
X
55 41
11 80
X
X
X
79 60
13 131
X
137 156
114 93
128 91
187 167
108 59
86 8
13 77
53 15
70 93
163 74
153 170
23 60
185 151
188 175
93 184
44 77
106 14
150 20
83 71
18 73
26 80
X
19 125
178 101
6 132
87 101
71 71
136 91
59 3
77 122
141 120
111 171
79 77
10 26
86 169
94 67
32 110
84 28
176 170
8 15
27 12
71 91
122 29
27 139
186 154
171 33
4 91
34 155
50 47
140 180
169 140
167 86
75 64
78 56
11 176
X
21 155
144 123
195 56
117 167
117 93
152 31
61 1
161 85
X
4 120
162 39
93 69
X
179 158
83 90
107 77
X
138 9
6 133
X
53 195
X
29 148
72 189
95 23
54 20
104 72
96 79
95 85
2 133
118 163
42 62
64 93
61 130
33 49
59 1
23 183
X
42 63
X
89 109
152 135
113 99
X
72 6
1 25
61 13
71 92
92 52
29 32
X
25 86
18 74
172 41
63 31
119 37
57 78
X
65 8
69 93
X
25 136
8 16
41 179
31 170
184 137
192 32
X
188 13
178 78
21 86
84 74
20 35
34 63
150 118
189 157
169 178
64 75
94 89
177 130
177 170
159 124
139 104
48 158
144 102
170 178
137 108
X
23 61
179 62
116 80
52 155
17 80
191 192
148 6
151 182
141 56
X
X
55 168
24 117
86 84
54 195
4 165
63 176
106 123
87 149
140 72
20 119
165 197
70 46
33 31
21 87
44 119
102 107
149 162
91 184
44 165
195 5
78 180
148 145
116 47
128 39
117 6
X
52 119
32 49
189 194
40 115
101 19
183 48
174 154
27 125
76 4
84 88
113 139
151 168
139 156
69 46
71 138
58 62
22 5
82 73
32 64
129 23
7 16
52 14
X
52 55
32 103
132 153
36 139
141 16
112 150
170 18
56 24
145 67
28 28
141 197
105 98
45 107
190 77
48 166
12 69
86 28
152 54
25 165
57 21
121 152
126 14
2 41
192 31
14 72
X
8 146
132 113
112 36
45 157
127 91
65 50
123 105
151 176
85 101
34 124
4 39
21 9
164 74
100 165
162 12
121 79
179 59
177 96
125 47
41 30
67 134
176 138
77 46
166 101
87 109
105 61
52 115
8 98
95 69
76 107
110 84
4 40
63 3
129 71
152 182
139 174
86 56
137 12
179 51
26 117
108 122
23 32
105 144
4 164
11 166
126 89
47 123
172 161
32 63
165 91
6 174
125 97
166 88
50 84
X
X
120 104
10 114
109 98
125 23
X
29 98
15 72
175 107
73 67
124 100
152 169
144 103
X
130 153
169 59
5 172
139 76
79 1
X
160 133
161 93
153 30
137 146
151 16
168 38
113 27
124 13
75 105
93 67
18 180
56 70
29 160
102 88
161 116
8 62
54 78
54 52
59 128
128 189
115 12
90 103
184 195
37 181
64 73
52 141
155 2
133 110
144 29
79 36
1 179
67 102
123 171
30 150
180 124
X
94 85
67 155
29 161
52 88
83 3
106 124
26 195
53 41
155 5
27 138
147 38
X
85 143
144 180
193 82
134 99
130 46
117 41
147 191
146 17
187 165
X
55 120
110 112
X
51 113
83 88
84 75
69 3
33 153
56 120
75 139
66 14
X
X
17 74
128 188
12 76
4 42
X
X
103 48
123 26
62 182
X
88 154
87 83
166 91
X
193 144
69 74
49 86
112 119
122 129
159 76
121 39
7 26
125 129
11 92
X
X
186 167
55 187
110 73
126 133
53 187
156 10
58 83
51 124
123 107
179 80
65 177
85 161
133 132
148 102
61 5
72 91
11 180
192 182
180 83
162 93
160 63
126 130
145 68
X
X
169 197
107 87
108 38
193 18
47 9
21 67
152 55
110 118
177 168
131 50
5 193
164 155
178 60
119 193
22 16
152 92
13 15
154 136
62 127
57 190
192 11
192 60
56 166
112 110
66 75
128 85
177 139
87 164
24 20
193 175
77 55
178 122
49 163
104 33
78 46
139 102
30 103
110 122
X
165 74
42 123
140 45
79 178
36 145
41 31
93 82
177 28
138 156
73 56
140 13
70 60
178 95
122 86
38 28
192 180
121 145
119 57
74 93
X
40 172
182 92
89 35
171 8
28 16
27 137
78 47
24 83
X
141 41
141 147
100 18
197 181
45 6
96 69
115 52
49 18
179 19
138 20
32 152
154 82
60 85
52 69
117 140
35 56
158 41
133 146
70 70
105 154
7 60
65 1
117 162
144 57
X
141 194
X
X
148 171
79 2
111 168
5 149
120 146
X
169 103
70 106
156 156
X
161 84
57 62
173 31
X
57 76
20 188
56 106
28 134
121 40
167 178
X
123 162
123 86
64 5
127 8
12 11
110 85
76 105
151 181
127 176
176 141
180 178
68 114
5 133
104 111
52 24
X
9 100
X
53 4
150 116
174 197
86 93
21 104
143 67
108 84
13 46
124 78
154 134
157 124
X
X
59 129
41 84
135 10
172 192
167 32
X
86 141
75 106
157 191
189 172
61 93
X
29 116
26 78
42 86
105 51
105 188
22 60
60 3
126 99
187 171
161 124
X
88 122
149 89
121 76
93 80
154 137
36 181
129 183
44 98
63 192
66 74
101 17
X
164 86
X
5 27
91 197
50 78
19 191
21 60
71 139
170 110
160 78
142 29
94 91
4 162
41 17
X
X
33 98
142 36
13 45
165 6
8 151
114 91
108 39
158 30
X
112 131
179 83
173 47
193 115
68 115
17 122
117 10
97 16
62 143
29 163
66 40
117 42
171 11
111 190
107 121
97 107
70 40
125 123
152 183
141 92
134 20
3 133
19 19
179 29
17 152
42 17
196 96
131 109
161 195
11 9
27 73
X
136 18
17 179
35 32
151 166
180 117
91 122
49 168
173 12
12 5
X
56 195
X
86 170
X
129 65
52 114
118 84
130 28
169 132
57 181
184 38
195 127
125 67
123 23
148 162
X
X
34 184
163 75
128 99
180 39
46 108
76 145
109 84
102 173
24 65
122 145
126 132
86 105
149 28
138 103
X
98 33
96 85
197 182
99 153
16 89
38 185
120 129
110 162
107 74
194 178
X
150 169
74 158
34 54
41 44
18 191
100 151
41 143
104 59
24 28
135 103
13 38
125 35
194 179
73 63
102 108
49 158
98 108
X
174 164
147 118
X
116 176
89 149
188 90
112 35
13 12
192 170
X
137 148
193 180
64 177
143 146
128 191
104 175
107 13
167 183
56 155
144 31
63 143
51 28
22 18
13 43
55 147
29 5
34 143
178 16
56 32
133 148
134 132
X
X
X
118 85
42 19
X
65 104
30 163
159 155
165 90
180 38
188 119
182 90
X
120 131
84 105
158 61
134 100
172 52
66 77
113 11
78 145
19 61
149 65
154 133
152 39
55 55
79 4
138 109
142 119
26 114
93 138
102 7
96 64
20 118
X
99 154
23 168
49 155
121 108
60 61
X
159 101
7 30
194 118
107 35
109 113
44 75
155 4
61 147
164 85
122 15
141 195
41 142
25 191
119 191
82 88
117 9
132 169
80 36
121 146
121 75
40 166
X
88 113
91 120
143 102
160 20
59 85
124 132
45 7
137 98
59 130
179 69
179 79
84 101
83 84
X
28 14
61 179
124 68
X
142 106
164 115
137 14
44 6
154 142
188 78
97 156
126 97
5 25
121 192
115 91
123 129
193 178
15 42
130 188
137 89
146 53
21 17
140 9
102 8
178 83
157 192
13 193
63 158
16 104
94 69
17 156
28 128
170 60
100 92
180 72
115 6
30 108
X
60 127
39 44
171 7
158 19
4 43
45 108
23 182
193 59
49 10
188 117
122 146
43 94
68 121
179 58
140 173
120 132
41 70
34 144
22 63
171 38
8 147
192 30
182 109
122 85
128 154
51 84
154 92
159 40
3 141
141 14
102 6
160 129
33 155
12 105
145 102
86 193
196 97
169 101
X
148 165
149 67
192 126
161 118
8 59
178 62
142 57
132 171
107 86
67 17
54 24
176 81
85 73
84 96
120 43
51 18
70 127
X
105 182
65 72
X
126 27
7 14
34 147
49 27
139 11
90 43
6 58
143 54
125 84
119 58
132 98
41 162
121 126
74 80
95 62
X
26 42
30 110
193 60
167 194
72 127
62 180
195 2
57 22
171 53
122 25
166 103
175 172
108 88
84 81
16 90
94 129
167 61
78 36
55 145
69 106
103 50
142 54
8 77
52 78
X
57 87
141 52
104 110
176 76
182 94
118 41
103 111
53 190
12 139
123 154
48 164
181 72
106 144
162 195
108 123
122 11
174 31
109 190
90 148
182 179
155 196
43 127
140 83
56 152
14 44
22 36
45 123
151 167
19 62
43 50
64 159
26 40
X
30 186
92 196
41 166
148 160
42 7
115 95
113 179
43 62
99 19
74 97
101 149
23 165
141 174
122 76
X
148 168
27 51
X
107 192
4 147
168 87
151 95
31 195
22 87
66 15
X
122 13
22 150
100 7
23 35
181 2
74 136
31 56
29 190
187 157
14 55
24 183
150 115
76 45
79 39
101 12
X
70 121
155 194
124 80
18 188
129 162
133 38
147 37
55 194
162 118
86 101
150 19
148 54
57 89
54 139
128 97
114 92
173 196
30 74
143 119
110 169
140 181
70 17
163 78
167 27
182 3
X
33 184
69 73
132 170
166 178
107 84
5 59
41 5
134 24
87 82
97 63
91 23
51 30
56 190
114 90
108 55
56 114
X
7 98
169 121
53 141
157 72
110 132
142 30
X
4 192
X
83 74
55 24
141 76
75 162
17 26
162 19
155 144
169 53
X
60 155
35 152
X
38 42
X
109 88
42 39
151 165
48 168
187 159
73 6
71 39
191 177
93 89
167 46
135 9
155 101
X
84 72
179 76
113 6
72 139
94 192
124 108
X
113 140
X
128 190
141 89
X
128 31
34 192
27 96
165 177
149 93
195 126
57 24
71 6
46 67
66 7
181 92
60 62
28 125
X
197 58
122 78
3 41
152 18
150 90
102 97
X
135 120
137 103
197 59
53 115
67 131
90 104
191 178
158 120
144 106
118 86
48 163
143 55
127 97
91 89
66 176
26 12
124 85
33 5
141 93
79 119
81 140
144 41
181 83
191 48
157 138
53 90
93 62
174 52
54 68
18 133
155 70
X
X
54 173
4 133
87 146
130 189
56 88
141 180
120 126
169 76
76 81
76 96
X
39 29
30 193
128 100
146 191
8 123
4 190
55 35
22 68
157 193
186 68
171 12
77 105
96 159
116 51
192 9
X
117 89
125 60
90 7
153 181
121 15
4 132
133 103
86 114
147 162
38 69
48 7
15 51
174 29
118 167
47 120
22 152
77 15
147 132
X
X
17 51
145 191
130 2
158 137
4 153
118 39
66 76
X
78 83
27 123
16 72
28 76
161 117
103 143
56 89
74 30
192 178
164 172
127 100
7 87
167 30
58 135
166 172
13 139
155 190
190 78
153 90
196 60
174 27
100 154
168 48
84 103
79 180
14 128
183 179
62 130
43 133
63 95
X
38 38
57 188
116 8
75 135
X
X
151 90
142 183
161 78
122 112
55 174
123 113
129 26
144 191
162 15
152 176
41 145
27 40
38 91
178 169
92 137
63 169
10 30
67 40
23 167
50 190
178 20
98 164
30 91
94 93
76 150
51 40
39 144
9 114
151 164
16 73
120 147
143 191
70 120
137 145
81 49
155 39
12 38
108 125
53 70
3 139
197 180
44 180
186 171
165 117
189 178
143 83
96 164
180 190
32 5
94 90
127 109
52 147
X
113 100
69 16
122 126
31 6
31 50
181 117
40 69
85 164
75 133
158 105
162 123
190 174
123 133
110 55
36 17
139 105
172 178
96 54
30 73
120 144
9 103
68 116
80 46
41 88
69 102
33 17
190 67
79 76
169 192
188 170
160 11
116 49
136 123
12 67
133 112
102 100
106 58
41 87
144 68
71 7
193 179
160 96
154 68
194 29
152 93
87 123
142 89
68 48
127 112
93 124
4 25
192 88
137 153
192 179
152 181
23 66
5 77
90 102
40 91
41 148
156 178
117 43
14 132
66 34
93 63
28 51
40 147
38 70
131 113
27 169
48 157
128 182
188 136
52 113
4 141
55 44
90 9
169 52
5 24
25 50
57 134
49 29
76 3
116 142
137 105
28 167
34 126
90 4
51 75
88 1
57 108
107 73
157 196
143 56
53 158
69 172
103 108
93 182
22 151
64 168
90 40
41 82
146 164
54 69
42 46
162 18
79 120
148 167
101 13
176 60
45 155
95 157
127 37
191 189
172 181
75 107
49 9
30 45
191 14
190 22
23 181
69 114
89 157
118 106
140 177
172 61
38 64
67 175
177 101
55 118
110 113
85 136
30 46
131 51
27 121
187 100
20 151
182 117
152 180
62 34
16 176
143 149
14 36
186 101
33 94
64 120
55 115
64 146
2 43
106 16
43 86
88 96
155 105
107 127
189 118
108 13
69 91
188 174
54 182
126 67
117 37
61 178
70 49
177 134
31 163
70 2
22 65
84 90
137 100
71 76
40 175
7 172
170 132
63 181
33 8
93 189
178 26
111 148
105 59
26 116
120 162
16 76
25 193
132 101
33 97
134 103
12 88
190 117
54 127
54 124
98 166
133 113
71 125
65 17
181 82
168 100
51 145
106 186
180 4
91 132
27 141
133 138
166 160
122 107
87 10
30 65
117 163
100 153
24 193
50 76
119 144
37 75
161 115
181 122
177 158
7 114
32 28
127 172
108 162
177 16
42 134
1 42
67 15
172 183
45 158
1 94
147 160
115 89
121 151
36 51
81 73
76 29
153 169
183 108
116 70
81 138
118 53
38 54
25 16
56 154
17 68
96 62
29 135
180 179
164 87
104 176
118 89
190 170
24 26
55 14
25 47
152 94
29 171
57 180
49 190
156 3
168 64
53 147
171 6
11 167
161 194
145 119
41 182
25 183
12 93
61 12
102 111
150 159
124 90
86 32
38 113
65 105
106 159
160 193
107 118
51 175
113 142
71 105
190 130
19 152
161 74
138 184
31 31
151 179
120 125
136 173
147 145
194 5
125 13
11 165
181 119
127 125
2 179
88 111
145 120
136 168
97 158
145 31
114 165
178 3
88 71
33 183
91 109
13 14
54 150
169 109
93 93
92 124
16 118
107 55
11 179
115 50
116 141
56 61
23 62
123 109
149 95
100 17
121 37
187 155
11 87
99 27
132 65
133 100
150 182
134 102
146 103
129 28
119 161
75 120
33 28
16 133
132 54
112 185
167 191
105 100
138 113
53 167
62 155
75 96
175 83
8 11
139 160
82 1
197 56
141 54
71 151
1 41
159 77
74 102
5 73
12 6
61 190
69 20
12 87
147 68
188 177
57 189
118 161
29 95
161 135
176 78
27 16
118 82
185 90
190 169
101 147
75 91
146 188
191 5
23 139
50 163
61 3
85 158
42 115
105 123
158 40
159 29
150 18
63 175
100 6
182 95
92 129
93 43
7 50
83 69
180 27
98 97
117 84
128 64
194 51
152 179
180 109
194 189
97 14
87 114
126 180
80 4
161 139
145 123
31 148
57 75
134 55
103 140
122 122
188 77
110 159
22 136
77 185
165 195
75 189
186 92
53 28
149 114
64 188
32 18
122 24
32 172
2 95
43 179
23 28
85 72
141 77
57 34
103 148
153 135
152 83
77 36
76 93
92 173
67 36
54 120
5 146
20 34
93 81
136 126
83 44
112 178
149 181
6 47
184 138
122 149
155 146
136 100
49 55
132 102
9 129
65 15
169 33
145 190
166 100
31 126
40 88
136 98
151 185
113 148
123 145
170 181
104 60
18 167
55 43
193 177
80 136
18 9
190 48
152 85
158 106
64 11
181 39
110 187
172 21
149 91
56 4
74 190
182 28
171 74
93 40
81 137
76 6
191 12
71 190
188 178
132 40
84 139
43 116
76 7
9 3
188 65
162 189
89 174
3 138
18 72
119 67
189 114
51 17
90 181
32 66
61 145
74 6
91 54
14 176
168 192
124 181
5 104
71 86
146 102
149 158
165 167
152 185
104 148
26 192
147 119
168 183
97 13
95 12
144 36
144 52
182 96
149 185
98 6
118 28
14 51
70 47
2 163
153 176
1 21
136 113
169 21
160 105
168 158
87 148
132 58
188 155
125 9
165 161
108 158
76 36
127 121
19 17
170 108
26 183
155 83
97 67
101 88
8 61
2 190
66 46
29 72
180 194
74 92
30 30
4 122
80 138
117 28
38 52
157 63
141 58
77 147
167 102
182 36
193 52
121 56
136 15
70 88
13 189
190 76
167 5
173 191
188 115
181 35
141 53
167 176
178 171
91 123
182 136
69 44
157 142
88 93
150 162
13 104
94 196
74 90
20 150
21 25
154 88
117 47
195 144
10 141
156 146
136 128
178 38
96 65
20 165
87 17
106 51
189 156
31 104
138 160
164 174
2 91
103 101
114 176
6 100
132 105
76 178
123 59
12 140
40 113
174 78
19 20
123 84
33 90
12 106
185 141
65 116
120 12
64 147
134 18
186 143
39 169
158 128
157 13
170 53
38 116
149 160
36 171
12 84
94 83
66 8
36 52
93 68
68 131
89 32
39 27
20 156
158 133
40 75
86 99
74 2
170 46
78 82
167 196
174 51
65 119
97 193
33 190
170 188
187 19
24 125
144 40
158 191
179 52
105 24
134 189
100 130
190 192
156 60
137 10
161 82
24 16
143 94
3 174
4 24
19 100
53 48
121 141
104 159
180 69
54 7
51 188
149 21
9 165
197 60
149 171
34 193
134 150
189 155
120 68
160 124
32 105
192 56
39 194
164 152
61 163
29 170
125 78
4 171
49 108
147 106
55 102
120 154
41 28
63 46
142 16
147 18
169 91
106 68
139 75
127 179
19 104
40 160
107 188
161 191
12 9
8 122
92 25
138 168
175 138
159 191
14 187
11 175
14 134
166 82
73 3
51 15
126 26
160 128
97 195
17 42
196 94
97 164
125 45
147 90
146 57
127 1
72 86
67 106
99 97
48 150
110 110
21 61
74 88
16 153
168 73
15 67
181 185
125 31
110 88
138 14
55 116
148 169
65 20
154 69
79 160
152 89
98 175
118 164
169 108
92 22
68 118
14 37
103 154
180 181
166 197
162 13
97 109
27 72
190 165
115 25
78 178
17 165
119 164
153 133
179 49
86 19
127 14
169 143
148 148
90 149
110 56
169 61
48 155
164 153
135 110
116 69
178 118
89 189
41 8
184 29
179 20
179 78
116 175
102 149
50 14
165 152
24 169
40 19
195 146
78 50
62 93
49 105
11 132
57 110
147 39
128 65
117 86
17 45
87 161
171 65
145 117
161 36
177 69
28 166
29 140
87 21
134 58
178 36
170 61
166 86
175 96
112 191
163 110
3 192
25 87
12 40
64 182
179 117
9 167
27 86
144 39
41 124
175 106
152 52
75 88
116 179
190 160
97 85
170 62
170 38
177 71
13 69
24 24
195 114
100 189
160 42
102 130
34 108
168 194
82 143
194 81
179 95
180 95
35 149
20 123
162 128
81 139
55 176
191 195
111 150
180 93
129 52
136 9
174 194
181 54
132 189
150 78
165 182
119 52
111 74
40 44
141 73
87 154
31 186
72 131
77 58
49 110
100 8
110 19
132 167
40 171
176 119
38 41
177 97
104 34
141 94
106 72
166 133
175 146
153 88
166 181
181 81
76 119
98 69
15 102
29 169
44 48
64 46
9 5
15 80
195 95
64 6
61 6
174 6
169 41
88 124
66 163
122 84
146 54
189 18
92 42
17 6
15 93
57 195
44 63
76 30
117 164
155 37
186 151
76 80
44 183
151 38
156 70
36 53
148 150
179 5
177 146
62 11
83 47
107 122
69 139
147 8
42 18
129 160
70 119
87 170
27 135
188 153
62 32
43 160
123 149
49 41
44 69
145 189
24 128
194 142
169 195
76 147
147 78
78 148
127 12
122 30
130 26
84 97
6 21
27 174
111 169
89 197
108 159
90 120
91 93
86 167
133 188
96 31
103 179
70 131
180 183
5 99
190 105
5 137
53 89
67 31
38 125
61 62
162 193
177 92
187 73
33 32
105 163
118 107
11 90
40 192
186 77
33 20
42 98
141 149
104 127
17 46
157 155
101 152
131 56
20 189
136 110
138 114
59 159
36 19
183 138
85 156
142 96
70 139
168 59
42 137
22 100
93 133
65 34
76 122
183 151
136 111
118 108
121 195
118 93
118 104
71 70
138 43
192 146
91 90
182 137
182 26
13 42
5 102
164 167
56 150
153 57
172 164
186 165
87 108
5 61
91 119
15 134
178 2
41 94
50 86
30 72
45 70
18 187
64 16
78 128
57 23
133 171
193 95
125 56
180 196
17 24
12 128
67 103
127 31
145 132
53 55
147 65
72 3
116 167
77 60
93 66
189 81
149 7
10 49
80 34
78 39
174 12
33 108
116 24
81 127
170 40
177 29
190 103
78 125
13 9
52 100
12 86
108 112
13 180
80 1
108 35
8 14
32 174
34 139
28 126
97 99
119 167
92 180
12 131
115 28
146 64
177 30
7 166
103 144
141 83
88 28
13 79
194 130
188 9
86 110
158 157
106 71
165 75
103 134
9 48
88 95
81 57
68 58
53 20
35 143
92 136
92 123
110 185
163 167
22 21
136 121
13 187
41 3
99 189
64 97
5 179
30 192
39 124
191 3
53 75
184 26
97 17
30 89
122 113
117 185
28 165
141 80
99 159
110 87
63 49
96 18
61 96
29 134
71 5
176 77
105 72
54 176
190 100
171 108
34 135
22 102
139 77
93 120
98 12
138 90
97 18
172 48
65 47
169 31
150 93
87 112
188 116
171 73
10 29
126 30
58 137
78 12
50 90
161 10
98 89
137 91
33 89
136 130
115 84
138 21
36 108
16 102
170 141
34 75
54 144
78 34
151 133
75 27
111 185
69 169
53 40
130 165
11 146
106 190
147 6
161 173
75 136
167 48
80 38
159 172
24 126
41 144
88 30
188 37
95 50
63 190
181 48
162 20
119 53
6 117
69 88
95 98
108 169
50 126
59 157
148 130
110 171
30 90
137 167
50 124
119 185
72 191
173 164
43 125
61 8
164 60
177 31
48 153
98 17
169 87
191 127
118 94
190 126
166 170
2 161
32 20
81 87
146 75
105 28
119 166
20 100
147 21
150 166
196 179
141 42
26 182
86 123
167 104
30 88
190 8
24 135
4 182
33 110
119 51
66 38
65 114
20 191
104 28
103 172
27 165
33 33
127 47
169 26
53 67
72 128
65 18
9 146
95 22
74 58
162 8
197 183
31 89
183 54
178 119
4 194
54 104
119 165
53 144
124 174
179 101
162 9
184 193
169 57
136 138
42 85
113 28
41 128
17 25
133 162
65 51
42 122
26 136
91 91
60 89
80 37
143 194
102 101
170 88
123 159
26 129
32 190
33 87
28 78
192 195
123 152
111 191
121 191
