18 119
14 38
194 32
20 188
X
13 46
188 151
105 180
23 195
186 155
193 127
113 26
104 39
103 158
193 19
178 76
97 54
55 32
87 18
134 74
26 169
101 17
81 34
53 44
67 102
160 8
147 130
148 166
56 137
175 107
X
124 89
130 1
170 74
70 128
156 121
170 39
51 194
139 104
32 8
66 2
161 96
62 163
128 68
84 89
172 50
X
29 7
77 188
145 20
152 53
101 172
161 15
81 1
X
85 83
124 179
169 18
193 116
173 6
13 26
183 48
23 61
171 28
165 158
56 195
42 39
169 62
167 46
184 192
135 9
150 116
6 147
82 73
97 15
31 116
163 115
11 77
100 16
92 189
126 27
48 167
92 53
24 129
90 52
8 71
X
119 193
18 189
102 99
X
169 145
171 61
180 2
X
87 56
50 192
142 184
77 32
97 97
67 72
139 74
81 60
193 78
12 108
173 12
80 73
74 83
64 49
65 75
65 168
50 51
26 79
74 134
172 31
157 71
101 154
27 78
91 155
136 108
154 103
117 140
26 141
107 70
X
63 179
178 168
112 112
157 139
28 41
71 134
189 120
27 140
151 137
7 167
63 192
108 19
94 40
125 39
141 9
57 24
173 21
177 132
11 154
31 105
28 170
57 58
1 43
152 16
184 142
84 105
X
145 22
190 195
156 142
3 41
79 75
134 170
68 176
159 36
146 150
46 84
20 166
56 168
39 175
86 125
91 108
171 188
130 30
101 195
195 59
103 123
152 90
2 131
11 6
175 134
131 111
72 188
64 8
10 153
192 170
140 45
169 29
X
39 41
179 29
121 162
25 136
196 60
108 88
57 36
110 17
187 143
155 8
101 12
120 163
134 24
165 176
10 147
22 60
X
97 33
134 20
176 58
14 69
69 171
38 65
56 59
177 145
138 94
4 139
161 78
116 28
77 122
151 30
121 42
137 15
77 49
X
32 89
175 197
187 136
7 52
32 185
73 190
119 191
83 1
51 28
143 119
108 187
136 24
X
143 68
91 107
53 14
157 101
87 197
79 159
35 31
180 5
103 24
128 30
97 189
12 139
164 169
73 65
102 176
95 99
55 42
61 147
9 128
17 78
X
52 101
121 59
66 37
87 105
79 161
23 9
86 194
99 99
116 140
50 18
182 181
51 18
53 29
193 59
121 154
81 29
181 196
X
36 77
11 92
74 89
52 191
41 30
114 86
77 119
69 16
59 87
32 195
110 84
102 91
152 21
149 89
161 18
141 95
34 185
49 106
93 67
6 71
X
98 108
181 83
128 63
17 5
138 16
66 20
120 14
91 111
25 51
101 5
125 109
143 42
71 71
9 52
110 142
190 156
146 21
191 178
189 106
119 162
6 137
41 164
35 105
46 36
X
57 62
170 33
138 18
60 163
127 85
132 132
7 26
168 40
123 91
87 68
88 104
X
15 108
34 124
44 124
165 82
124 109
3 25
120 121
94 41
54 67
41 157
3 182
163 96
36 110
112 101
X
65 48
113 175
6 58
146 147
130 46
86 192
192 186
34 104
139 76
X
74 157
147 184
89 176
76 45
168 56
132 154
134 42
59 85
85 30
23 168
63 180
169 59
72 93
70 194
190 50
194 179
71 194
49 30
38 38
25 191
30 27
193 186
173 139
19 191
174 156
4 94
163 93
31 118
91 64
121 192
51 195
133 103
100 165
25 52
137 108
36 73
17 191
137 99
27 47
151 180
61 58
161 94
51 174
6 153
14 72
112 119
32 193
182 118
147 148
57 191
43 164
19 103
X
104 47
134 146
28 141
182 190
97 159
42 41
162 115
35 56
107 181
188 8
66 17
125 183
95 23
12 105
13 135
177 138
117 70
102 89
171 48
157 49
X
154 93
191 2
12 104
47 9
107 74
61 177
111 132
74 159
142 102
11 142
136 74
143 29
135 18
25 151
190 102
85 95
160 29
106 39
59 58
180 154
156 155
141 150
71 189
29 97
X
56 139
43 127
20 119
125 122
172 52
72 139
43 74
72 186
44 76
29 186
51 124
X
142 40
X
142 41
139 45
13 139
109 88
87 72
188 119
62 15
192 30
66 176
69 7
176 155
22 137
64 7
162 167
138 103
121 186
107 179
151 28
145 106
49 104
68 56
167 4
128 31
167 182
22 26
63 162
8 72
76 5
26 181
157 105
54 164
77 15
125 133
X
18 179
102 18
28 98
70 20
71 37
134 104
54 36
106 143
126 48
98 31
179 50
112 39
129 156
138 181
103 147
128 180
192 156
169 76
125 35
18 135
11 4
124 98
68 134
52 195
70 135
110 179
24 28
78 145
90 190
190 116
39 18
45 5
80 129
172 176
177 76
156 153
63 31
27 95
44 44
25 129
29 76
138 177
11 139
167 135
101 63
12 149
34 54
8 60
83 161
138 162
X
149 6
157 57
18 133
130 64
122 151
22 138
83 136
192 171
33 63
106 187
6 132
11 11
68 168
81 4
68 179
106 73
125 52
173 189
172 65
141 160
14 141
30 148
120 130
126 174
155 101
188 91
152 39
28 72
126 71
143 96
49 17
131 55
60 1
81 47
171 33
68 116
159 110
103 163
76 83
X
105 190
X
66 75
72 125
128 192
23 14
18 116
86 68
116 144
119 154
166 91
159 171
185 165
94 31
24 181
158 101
57 140
104 91
X
18 156
159 54
91 23
84 28
5 101
118 195
11 168
31 124
182 2
168 161
180 81
109 169
126 84
51 136
115 175
7 11
176 168
41 10
125 37
19 115
138 72
42 66
187 168
13 179
79 39
154 135
69 49
X
63 50
147 54
147 37
27 84
33 51
172 142
114 84
57 181
X
8 30
34 107
178 155
117 39
88 70
151 7
132 159
189 77
16 188
41 166
81 31
87 4
7 113
154 145
65 36
110 140
166 173
179 28
143 197
10 50
172 49
146 191
195 4
48 52
137 95
160 14
6 24
X
140 13
32 194
109 148
33 53
75 98
7 71
69 170
51 51
149 30
129 4
23 65
15 42
24 120
78 98
195 97
192 177
86 114
X
177 144
70 18
106 75
152 51
69 121
168 31
59 163
50 80
117 9
33 7
10 46
100 131
93 194
156 156
53 127
52 163
187 160
133 115
102 24
124 84
128 24
38 196
73 67
100 88
93 184
133 144
117 10
20 152
157 191
38 28
179 105
171 123
181 69
39 29
110 111
177 142
72 189
112 134
126 13
129 188
67 33
53 191
174 197
23 32
56 135
8 153
178 123
178 131
81 86
5 182
40 194
140 75
188 66
42 183
62 190
16 105
77 107
117 144
173 192
148 171
154 101
20 102
45 134
8 104
127 13
82 46
12 85
51 146
150 171
120 187
116 49
86 142
68 37
77 105
X
90 183
X
109 157
77 56
X
6 11
111 130
142 15
92 62
6 140
104 61
22 5
93 69
14 39
57 192
9 26
94 22
172 107
30 170
91 121
75 7
26 87
96 67
48 47
98 193
160 130
7 10
8 149
11 13
9 30
35 51
168 135
148 168
20 5
139 174
78 99
141 14
70 45
55 146
55 179
118 105
119 25
148 68
16 104
171 12
51 41
196 32
169 28
155 5
192 31
77 157
X
168 74
27 116
83 83
69 40
38 49
45 110
158 36
158 105
42 15
101 60
20 9
176 79
22 150
170 89
47 53
75 86
69 138
135 121
3 21
148 59
139 99
130 52
4 132
179 62
102 92
38 36
137 22
172 12
15 193
153 95
124 145
137 140
179 48
125 86
24 83
112 32
99 28
148 143
65 14
166 87
52 150
14 80
17 167
X
175 194
126 97
34 187
118 68
152 182
134 19
150 95
71 146
104 144
89 10
194 119
50 195
38 127
9 150
167 60
90 104
10 113
188 76
43 40
100 173
191 77
138 182
157 11
141 147
162 194
164 160
119 153
110 101
166 158
126 3
193 142
44 133
162 192
173 138
51 47
65 102
189 21
153 84
135 11
193 18
112 121
75 109
45 108
188 156
19 151
71 149
130 23
160 139
66 181
170 110
106 49
120 184
100 111
191 192
7 14
7 104
196 30
39 17
177 140
113 100
14 188
62 143
73 138
81 27
X
9 154
86 27
19 6
131 153
31 170
78 161
55 17
46 65
78 54
147 89
169 183
2 41
74 28
100 195
141 70
100 150
161 127
100 151
49 8
64 114
88 110
127 113
139 152
172 51
180 94
X
X
169 53
106 14
110 158
113 147
180 190
33 153
149 68
81 88
56 60
148 58
192 14
104 174
1 22
83 74
X
41 4
97 111
20 36
191 22
55 5
118 192
43 98
184 196
162 191
122 111
168 181
X
127 91
158 120
95 51
183 136
41 156
134 71
35 49
138 180
23 7
130 27
28 169
91 118
167 195
52 167
15 179
27 123
157 143
183 183
8 59
137 89
108 171
84 68
63 177
168 33
71 36
32 31
130 154
132 169
52 157
160 78
152 82
63 35
139 11
158 20
87 57
15 27
158 31
143 54
191 186
87 83
81 141
141 161
32 192
3 190
65 175
158 29
124 80
56 182
74 96
180 177
191 165
142 37
175 162
154 144
29 33
61 175
175 130
28 149
74 93
57 109
102 68
176 80
86 35
114 83
X
179 39
73 161
X
53 141
104 162
7 62
175 170
4 130
55 24
159 40
54 14
26 42
137 144
144 59
76 92
93 107
127 71
123 108
55 144
6 184
25 42
67 138
50 47
83 2
127 120
88 122
21 86
27 127
61 129
138 173
132 56
184 27
176 138
187 20
137 11
77 98
75 64
151 176
159 106
169 110
150 115
70 163
105 164
182 4
181 102
179 83
112 131
145 18
70 6
13 40
118 24
X
142 119
96 69
X
10 87
122 28
172 29
55 54
35 144
100 191
78 119
93 197
172 188
28 129
33 181
42 50
21 26
136 72
X
109 15
192 90
156 194
40 62
44 166
31 91
169 188
144 106
194 82
74 1
75 3
90 8
190 77
79 136
52 126
101 92
109 122
178 5
145 40
24 151
130 24
135 10
153 29
181 2
7 73
193 187
39 31
107 77
187 22
X
130 183
161 167
100 28
5 121
161 133
4 164
160 10
142 39
24 134
5 184
6 10
41 97
X
68 177
138 161
26 45
94 30
171 106
111 98
120 39
52 36
138 89
39 196
158 110
155 194
159 157
165 4
107 120
133 159
43 50
130 31
159 153
29 41
71 128
115 167
X
16 89
110 163
91 24
22 83
28 74
96 54
33 125
53 18
88 170
20 121
124 46
162 152
X
10 84
28 168
24 25
90 193
122 25
62 127
41 160
171 72
126 100
17 55
134 138
160 127
X
61 13
5 139
128 2
84 88
129 159
93 79
122 56
44 70
44 135
95 138
103 88
80 143
52 88
162 40
84 73
51 167
60 3
169 192
57 188
169 100
35 153
X
69 102
70 40
72 185
35 155
165 76
12 147
115 91
121 158
61 176
20 187
12 15
150 181
30 103
173 31
67 158
43 46
122 133
108 127
87 149
192 2
86 10
79 12
172 138
171 191
177 95
152 50
24 119
180 36
11 178
77 45
64 175
127 123
5 100
163 109
110 190
137 113
192 78
31 152
133 98
140 41
193 90
152 31
170 123
109 100
39 147
26 119
61 162
35 17
179 119
41 70
51 40
128 183
118 43
85 58
30 73
67 34
X
67 32
157 14
83 70
197 182
20 32
158 30
31 119
103 150
151 170
29 161
26 49
26 16
23 141
69 2
125 123
92 64
168 38
X
51 54
103 141
46 44
86 93
66 16
111 138
192 22
24 195
188 106
180 38
X
29 45
191 88
41 49
133 128
13 190
70 19
78 16
188 88
189 193
185 155
69 70
138 77
99 134
89 112
192 126
36 18
68 117
84 21
33 31
66 179
71 93
52 32
150 118
41 192
163 155
162 154
187 167
70 17
51 80
24 183
69 131
99 24
137 72
74 97
97 112
167 178
162 96
X
34 17
188 154
160 169
189 12
26 165
197 180
152 28
51 44
40 86
188 114
134 73
24 17
X
79 127
161 42
101 28
11 128
182 177
193 183
42 155
71 6
29 138
188 176
13 176
153 37
145 150
106 48
72 57
2 193
21 28
143 146
132 153
72 67
3 130
117 184
191 130
190 178
112 130
98 51
127 45
117 11
X
179 31
189 104
118 41
118 95
31 109
179 16
145 52
104 152
78 49
85 154
160 106
177 130
53 176
24 87
162 124
105 188
49 188
131 52
X
22 17
172 146
155 43
120 124
X
124 99
52 51
106 19
86 120
56 108
188 36
74 86
105 55
48 163
182 138
111 187
32 123
63 156
168 26
157 70
73 128
63 172
X
145 196
34 192
158 57
138 154
99 5
123 153
25 127
17 119
87 192
108 73
50 151
25 65
61 128
173 20
X
159 127
181 179
12 76
153 90
75 80
11 89
132 109
X
178 30
60 61
47 2
X
X
193 195
129 1
151 171
133 192
14 53
142 33
139 41
84 74
95 54
137 156
32 163
25 121
X
175 93
127 88
88 97
86 105
144 194
98 53
X
5 133
85 68
79 74
89 54
66 121
52 166
169 181
169 50
70 127
71 74
44 75
33 185
93 80
48 7
52 173
122 145
22 104
168 48
189 126
113 140
14 24
88 32
33 98
114 178
49 86
39 171
117 42
99 17
171 145
141 196
59 83
93 84
132 99
133 148
161 33
152 37
77 80
30 194
87 30
28 81
71 131
123 176
186 141
130 62
27 96
56 7
38 50
186 103
71 89
52 136
68 16
33 6
13 57
126 182
102 173
46 64
161 195
X
183 152
147 170
72 59
55 35
167 197
195 145
64 189
36 147
112 36
81 46
103 60
119 195
X
146 36
105 160
190 166
42 77
141 163
100 172
112 133
121 15
183 27
28 146
4 39
39 16
122 60
66 182
61 1
6 146
195 119
16 191
110 55
172 180
136 103
8 102
188 11
180 117
171 189
51 90
83 163
144 197
104 179
21 68
99 111
73 194
122 14
187 137
49 192
40 63
4 72
138 164
101 190
150 31
75 157
X
6 46
100 164
11 149
113 141
180 83
23 24
168 61
73 93
98 5
72 150
80 49
42 96
19 101
75 178
49 85
181 194
76 31
131 39
192 5
174 27
83 143
79 137
32 160
109 163
5 186
131 62
189 35
64 3
41 5
63 6
23 193
1 40
45 9
72 146
78 81
74 34
86 28
88 112
192 182
117 12
67 180
162 195
93 22
128 91
X
44 165
184 191
49 10
197 57
67 163
148 18
90 54
85 161
150 158
177 109
137 171
29 47
128 179
138 171
63 178
163 116
75 179
98 100
109 35
19 169
1 39
64 145
154 137
73 60
26 195
111 76
97 157
52 155
142 38
31 97
46 2
42 63
182 101
132 100
138 9
4 131
107 17
78 38
29 98
X
13 43
178 78
190 51
76 88
176 157
66 114
7 30
125 58
13 11
125 57
74 3
114 91
112 179
12 2
67 137
154 146
21 34
X
64 14
148 54
39 146
194 183
86 158
93 112
69 119
X
183 105
57 194
116 53
112 142
X
183 196
144 181
93 109
14 93
143 150
191 58
111 168
27 171
155 9
56 169
81 30
194 146
193 4
X
104 31
167 88
64 73
193 32
121 79
1 92
79 28
151 166
6 171
141 176
67 160
159 104
21 60
78 37
56 86
85 35
110 157
X
130 25
100 154
165 181
19 8
181 96
83 49
55 21
186 102
63 3
127 4
41 62
22 147
138 122
X
179 59
138 170
158 155
121 121
194 60
128 98
111 167
49 84
112 138
42 121
59 6
X
62 188
X
88 54
147 132
46 37
177 70
191 59
67 35
61 94
70 106
108 38
17 168
3 91
45 104
68 102
178 109
41 96
137 145
166 159
68 46
186 68
77 14
87 27
37 74
51 127
87 125
166 102
183 186
27 74
165 89
87 164
103 99
107 124
121 142
52 18
88 169
155 49
5 103
8 110
108 110
95 79
182 38
44 43
23 5
166 171
87 146
26 51
105 27
183 104
41 125
27 172
133 38
118 67
29 119
94 89
179 60
54 106
13 45
X
195 2
13 181
178 16
19 119
7 84
53 192
129 45
48 168
37 169
X
85 93
14 118
22 68
135 130
97 83
96 79
92 139
40 27
129 23
147 158
152 164
54 44
16 174
166 178
54 107
157 137
29 163
74 63
85 162
96 100
169 19
169 46
109 133
52 55
23 182
5 151
53 113
45 133
185 73
3 43
63 160
88 190
181 70
88 68
171 181
45 157
X
52 120
145 19
188 12
179 54
72 66
7 25
156 120
13 133
63 158
143 188
150 88
X
122 146
121 126
103 126
163 106
122 78
105 192
161 137
68 20
32 87
22 135
98 30
183 107
98 68
151 167
X
93 89
104 37
177 72
64 31
94 69
136 76
15 51
54 3
49 189
26 193
190 171
158 38
151 21
45 44
101 149
103 72
188 137
190 120
178 133
76 150
73 91
30 105
165 169
63 1
9 6
48 55
37 137
76 96
154 94
116 177
178 101
96 166
53 54
86 9
63 116
156 176
164 85
191 60
23 21
6 30
94 192
29 6
14 48
20 122
98 54
X
157 144
191 18
158 15
65 6
191 48
150 16
38 53
34 51
85 163
168 123
49 3
X
192 172
183 35
132 188
121 140
6 50
104 33
23 42
X
4 161
56 24
150 9
18 180
147 93
144 148
74 150
131 112
110 162
21 87
120 149
114 92
22 87
5 192
74 60
44 155
25 15
57 119
46 41
64 1
170 182
151 178
94 42
75 63
X
181 90
193 97
97 107
3 185
123 60
144 103
169 139
12 175
56 89
102 108
42 160
70 166
176 141
117 24
4 190
111 101
90 192
30 190
41 31
103 49
86 104
106 162
179 106
28 150
142 194
67 114
130 63
165 116
126 51
X
42 158
31 195
191 126
36 175
104 59
148 164
145 67
38 144
137 77
95 159
13 191
95 14
34 184
164 86
19 156
110 73
86 81
170 119
X
15 72
57 78
72 166
158 121
112 187
56 114
154 49
49 158
188 167
170 28
122 29
166 60
193 82
47 110
121 146
62 95
91 130
154 90
176 130
105 181
158 61
155 82
120 43
41 77
139 70
158 42
169 47
141 56
56 67
40 174
162 78
107 58
58 135
5 149
67 16
9 130
98 107
89 4
67 171
3 141
129 67
50 44
72 127
11 180
24 165
97 84
160 120
142 29
28 114
72 56
120 70
111 147
148 145
175 108
X
145 68
86 17
25 195
24 124
96 14
180 191
31 5
138 92
158 62
159 10
25 150
56 88
32 127
91 133
163 152
95 52
193 192
41 180
24 114
30 91
48 156
7 112
170 72
58 139
122 86
90 41
6 26
138 70
41 112
171 46
141 197
119 70
120 104
112 38
41 181
147 166
71 106
14 191
70 91
123 172
35 54
139 96
81 77
175 95
158 60
164 168
72 64
171 19
7 46
106 142
130 45
67 17
41 147
21 155
49 150
100 134
177 170
61 156
51 173
158 4
86 108
137 150
12 151
24 191
4 118
78 36
6 104
18 169
126 31
74 160
117 162
111 140
98 50
154 180
169 194
X
13 70
61 15
77 150
55 119
86 124
36 172
76 47
176 95
71 75
46 43
92 133
157 192
78 100
43 119
143 55
24 116
33 103
43 62
109 131
137 70
143 59
89 158
119 152
52 79
66 4
29 150
117 186
170 51
125 11
80 54
110 118
53 35
126 89
54 52
143 144
103 112
162 121
49 187
130 65
157 145
178 172
15 115
155 142
162 123
179 30
X
13 74
8 26
38 69
70 76
10 89
184 195
16 107
193 5
129 163
53 181
76 32
174 8
188 175
85 101
60 84
144 182
151 169
146 76
72 88
123 107
165 118
74 188
120 151
108 170
11 151
64 75
174 76
122 124
78 129
172 28
190 47
6 77
26 168
97 110
X
55 139
23 16
50 27
31 123
85 57
71 132
190 174
195 118
98 174
18 174
93 82
172 10
24 27
X
143 40
189 157
111 118
78 80
X
38 193
194 79
76 107
28 121
67 182
76 160
142 150
70 190
125 89
177 94
22 9
179 35
125 47
114 179
108 125
154 176
52 135
142 123
61 127
103 28
107 88
136 16
164 2
24 79
107 69
132 168
180 52
41 7
100 18
61 182
86 113
102 6
31 147
46 69
29 116
178 117
X
X
23 60
55 180
140 155
134 76
110 18
72 187
50 74
176 132
X
126 46
110 167
162 38
125 36
104 101
169 74
169 142
39 65
51 137
49 87
52 168
105 97
6 141
7 85
103 127
33 160
104 36
143 180
4 151
138 22
48 50
X
155 85
191 174
X
42 40
X
82 90
86 119
90 1
3 173
31 28
74 98
129 192
32 170
75 102
147 22
141 75
160 137
81 56
188 73
150 21
40 15
188 13
96 85
147 7
29 136
88 4
69 36
4 73
127 100
31 53
X
23 165
54 5
74 4
122 10
168 62
124 47
176 20
141 121
28 14
51 30
26 170
68 178
65 103
27 94
12 141
4 147
44 180
170 138
167 180
87 194
120 9
77 187
160 174
90 169
164 74
160 19
150 160
194 95
21 153
75 161
79 2
49 16
80 16
159 168
142 14
52 67
54 125
179 185
36 145
150 90
X
28 50
157 60
36 103
41 48
45 7
21 24
112 147
118 70
80 27
27 129
75 133
10 11
67 105
55 40
153 170
142 54
189 130
16 53
65 16
172 192
29 26
125 67
87 99
64 121
193 189
187 90
54 113
10 165
69 72
95 30
136 141
174 155
21 83
159 139
36 50
153 86
171 75
161 134
47 104
74 136
160 74
X
69 3
143 36
52 76
10 132
193 29
126 10
183 179
166 169
55 3
127 111
148 102
69 73
176 82
188 18
139 180
143 95
14 40
59 3
158 129
28 139
X
85 155
X
147 189
52 27
110 188
48 5
33 5
X
165 115
159 74
147 118
3 139
156 124
175 97
165 60
56 164
2 194
14 193
41 155
138 95
65 182
X
47 54
182 91
123 90
112 31
53 180
109 13
149 162
70 56
167 28
103 149
40 173
72 162
151 6
158 123
180 156
160 107
11 2
36 49
111 171
26 83
29 106
32 103
17 52
168 197
196 96
13 128
124 183
176 170
159 18
98 33
161 29
184 37
56 20
166 172
125 10
146 120
152 18
44 96
190 106
134 21
54 136
162 74
56 75
183 53
6 185
X
84 164
166 103
121 74
110 31
71 138
190 67
74 31
145 145
93 85
X
152 41
159 154
55 120
88 94
110 160
92 174
6 62
173 188
51 113
28 127
11 36
51 43
123 171
124 23
128 188
129 179
42 179
66 106
157 69
46 70
164 170
20 148
54 75
47 121
117 7
139 16
165 179
160 52
X
128 37
128 35
156 72
79 138
140 183
118 191
108 74
182 104
157 9
120 131
148 132
90 145
52 127
27 40
124 56
157 136
189 80
9 112
183 184
153 180
171 38
125 12
140 77
76 174
118 84
192 9
124 121
18 118
161 21
146 132
120 41
52 153
48 154
161 38
142 45
191 90
164 159
155 57
106 64
154 72
98 189
179 104
49 4
57 179
53 104
X
119 140
129 47
33 152
57 33
183 30
85 32
98 91
50 115
109 98
154 105
180 92
109 113
21 100
170 133
140 152
81 3
90 10
182 39
189 65
108 55
154 56
84 30
140 11
192 142
34 73
141 45
40 69
127 90
80 14
32 54
9 4
128 3
178 124
127 170
131 188
146 165
156 5
16 42
61 5
158 33
54 195
92 69
25 185
85 105
135 138
110 130
181 123
141 55
195 128
180 186
6 22
136 91
166 167
70 86
15 26
86 164
75 175
193 175
151 181
182 186
191 89
4 77
150 180
189 8
4 41
79 29
150 19
126 23
108 31
154 86
139 101
3 176
54 68
8 151
11 91
140 184
X
139 94
24 185
46 38
49 40
147 57
129 26
103 176
57 21
51 20
13 44
69 5
160 133
50 190
50 75
153 54
131 110
123 133
X
159 155
172 33
96 81
3 178
60 58
55 182
64 77
41 83
149 118
16 80
33 91
53 118
129 165
138 156
66 15
69 50
73 152
81 33
67 162
130 70
23 15
103 64
186 67
158 63
79 4
4 119
191 160
119 43
159 8
163 74
184 137
179 71
100 14
44 163
166 152
114 95
114 28
23 41
28 125
178 95
48 170
87 158
14 57
160 121
30 186
62 3
146 122
174 28
25 181
X
30 193
X
86 195
130 182
57 22
160 194
124 149
137 148
145 118
137 155
13 15
65 177
158 37
118 162
183 192
83 164
42 74
64 35
29 121
185 167
87 19
107 35
X
X
13 12
119 57
189 78
195 179
194 50
77 34
142 30
122 85
103 153
120 122
16 67
169 197
124 124
75 131
35 20
74 82
123 129
141 194
25 67
103 25
48 10
187 165
68 45
112 98
153 179
58 140
53 150
126 47
158 8
71 104
194 97
112 120
55 175
157 5
64 45
23 184
131 58
103 152
42 5
X
17 166
166 168
161 30
67 136
55 18
38 87
X
33 192
3 161
7 87
56 118
47 10
160 53
105 61
119 27
61 144
78 58
69 60
25 165
123 161
51 154
186 104
22 34
51 138
169 51
149 64
100 149
80 127
28 45
X
66 177
176 143
94 92
79 125
108 160
145 143
147 9
71 162
X
183 51
156 191
69 6
63 47
183 106
66 155
63 114
110 178
21 32
142 106
30 94
84 72
20 17
178 72
42 124
161 93
177 18
87 155
38 147
175 6
78 180
178 35
37 56
93 118
110 122
143 80
50 113
195 3
135 120
129 50
78 105
165 180
94 195
74 126
153 31
49 44
130 181
X
74 139
69 106
28 12
3 172
133 105
89 58
169 60
108 72
159 13
66 74
178 39
161 117
94 133
27 134
10 51
9 98
174 138
95 97
193 86
90 177
183 190
1 24
91 40
98 67
70 126
81 44
130 155
67 134
73 163
130 189
137 75
5 58
73 139
70 46
127 8
54 147
81 140
138 11
X
176 146
149 67
176 81
28 136
52 14
30 146
78 149
113 11
193 146
8 150
104 106
88 109
184 151
30 160
127 52
80 32
8 13
186 65
26 139
179 32
X
170 178
34 20
169 191
37 173
42 48
122 112
143 33
68 139
75 108
13 142
12 148
97 81
155 39
79 178
196 97
36 185
X
56 106
189 195
168 132
37 49
6 27
9 46
44 82
38 44
109 171
78 106
8 75
138 41
130 192
145 130
54 179
190 68
13 53
159 21
61 155
179 72
137 101
100 147
55 47
117 95
46 67
169 176
86 190
145 30
173 160
127 183
149 28
X
145 188
122 125
173 141
93 131
112 35
60 155
74 100
60 59
131 50
76 28
35 135
12 3
12 152
21 63
X
105 191
90 146
30 163
186 88
130 156
130 50
174 52
X
19 62
79 76
92 107
107 59
24 42
2 191
11 88
53 194
110 59
148 55
36 54
13 132
147 75
14 131
64 74
72 194
74 65
115 179
145 115
17 125
124 130
155 2
72 147
51 163
65 172
121 41
188 68
159 101
145 131
17 80
194 48
29 160
107 84
30 108
56 78
83 45
33 66
3 186
49 27
178 122
104 49
133 150
4 163
168 75
22 16
159 63
111 175
86 196
13 13
142 36
193 22
132 191
80 46
184 136
68 119
172 46
165 56
135 22
104 111
13 27
165 87
44 116
34 123
34 138
30 66
X
14 74
175 109
88 35
79 31
106 17
96 19
5 71
142 90
104 97
89 7
133 132
162 122
195 115
79 30
164 4
185 91
11 166
165 196
39 91
92 52
138 20
79 1
12 102
146 105
78 108
183 103
128 153
14 67
14 108
152 20
185 136
12 150
88 147
88 56
147 67
169 103
82 74
X
23 68
83 73
178 58
154 136
37 135
64 2
169 32
188 120
123 26
100 133
100 7
45 2
171 18
74 161
89 56
145 134
29 28
99 108
107 85
177 139
158 3
109 99
39 39
159 78
X
133 112
125 75
155 12
83 77
75 6
40 162
21 104
28 43
40 76
112 122
159 173
71 148
X
10 2
56 5
12 176
7 111
127 67
23 35
121 107
189 68
86 143
X
188 39
56 152
40 148
66 1
156 122
X
9 166
56 190
162 127
187 169
142 104
44 181
126 129
149 88
9 50
X
175 8
62 175
38 29
33 162
83 88
144 188
39 62
148 134
105 159
125 119
181 118
41 84
103 162
90 103
28 171
14 116
109 86
38 182
153 28
192 181
84 29
19 153
192 10
X
114 175
3 140
76 87
34 186
157 194
179 19
106 74
17 56
183 185
152 183
24 141
2 132
25 123
42 136
58 62
X
4 133
122 74
129 65
50 84
4 137
163 172
171 20
63 145
105 36
141 41
181 177
103 159
165 77
92 196
X
56 167
181 190
54 170
X
31 6
101 61
158 2
10 128
28 40
172 110
21 156
72 135
16 90
36 109
162 15
118 81
65 120
45 65
X
91 2
31 127
121 187
107 180
131 165
63 130
87 33
55 188
133 58
77 27
99 195
121 152
95 69
194 115
71 90
103 160
126 170
141 89
143 123
31 110
174 162
123 13
24 46
188 35
162 155
142 105
13 80
4 91
119 186
105 153
153 30
40 128
112 140
89 123
93 108
51 33
X
188 90
195 129
83 84
29 32
41 98
164 58
68 181
142 181
154 91
49 193
37 138
46 86
34 64
50 164
15 190
11 176
131 57
74 125
113 139
45 136
182 90
70 3
120 148
75 122
38 67
140 160
97 98
125 176
177 78
X
98 147
91 197
56 151
143 65
13 102
27 53
74 128
143 31
51 14
75 174
34 49
169 38
67 139
63 11
130 28
92 89
122 123
24 18
13 56
37 51
X
55 75
148 106
108 32
141 93
74 91
173 33
187 68
100 166
81 49
98 159
61 181
X
155 1
156 8
99 153
5 30
169 119
53 85
151 165
142 42
99 25
36 144
48 158
156 57
7 174
44 94
X
X
141 76
129 183
12 67
33 163
49 43
89 155
21 9
161 116
135 140
5 27
70 120
75 34
84 104
105 144
9 104
188 170
X
99 147
51 115
180 91
X
68 121
120 123
32 186
84 94
151 88
20 33
53 21
151 164
183 31
85 157
118 37
75 1
44 86
5 26
172 53
79 121
120 69
X
195 130
134 148
32 49
X
89 147
175 9
83 138
27 42
133 140
40 112
112 118
123 175
43 158
163 78
54 24
108 121
143 82
109 147
124 91
40 142
66 7
28 42
X
176 106
123 174
191 19
53 4
183 109
175 139
109 77
41 95
77 120
39 143
55 76
164 161
88 29
124 69
18 188
97 52
98 149
122 162
55 52
138 169
105 152
65 72
139 83
72 60
160 31
114 12
107 187
176 109
180 124
155 192
116 8
86 59
31 149
62 31
148 21
168 121
151 41
116 89
71 191
186 138
12 146
113 98
4 26
94 93
20 21
104 35
42 87
9 103
54 115
182 179
64 177
175 102
42 7
167 27
189 194
167 194
108 84
159 38
33 56
104 109
14 76
146 144
21 36
114 10
121 76
23 83
93 65
2 176
149 29
105 60
77 16
38 124
90 53
162 11
50 30
196 183
190 75
55 147
77 121
42 36
111 179
146 52
76 89
19 125
14 133
33 182
25 49
15 176
126 91
193 129
124 71
125 84
76 27
141 162
136 150
41 6
114 6
172 161
143 53
131 115
142 31
127 175
157 1
135 24
27 173
16 178
88 125
95 158
92 176
176 134
176 62
27 87
143 52
112 113
X
120 147
118 91
177 196
36 106
91 1
12 142
89 105
56 158
105 34
91 112
154 142
104 173
192 39
166 4
88 98
43 156
155 70
128 100
46 104
148 181
35 75
140 89
175 103
184 28
41 194
75 32
109 132
104 107
118 85
98 52
104 142
25 66
109 31
110 138
65 117
194 89
41 88
137 176
105 25
193 194
105 31
96 165
25 125
18 123
57 190
96 159
119 48
126 172
40 164
50 78
142 145
104 24
174 158
119 28
17 9
106 31
125 124
181 186
155 195
139 81
145 36
121 184
29 118
133 141
159 120
122 158
32 155
52 78
103 111
126 86
152 95
64 180
132 170
83 81
194 87
49 42
139 164
174 154
64 76
177 108
83 162
8 15
29 189
144 102
90 43
10 27
8 147
110 15
41 183
191 172
34 56
92 109
76 102
36 20
180 54
74 56
176 76
191 41
112 33
56 165
121 194
42 62
34 63
14 89
1 91
135 132
190 172
88 167
84 19
105 56
62 182
141 71
91 173
X
190 118
52 69
28 47
24 20
96 156
22 140
145 116
75 66
134 57
148 149
103 182
191 187
156 61
38 56
164 6
69 194
145 102
105 49
12 73
154 89
35 181
10 52
147 95
X
92 112
99 100
X
67 49
54 70
5 25
32 98
29 115
23 33
135 72
13 24
142 94
176 19
171 76
45 106
61 180
131 40
25 147
5 172
133 146
96 50
38 115
38 183
136 89
X
35 110
169 132
175 168
86 170
63 45
178 81
178 69
147 159
148 90
189 167
57 35
32 152
125 60
132 127
182 94
181 101
159 42
137 121
39 36
191 193
76 37
107 39
57 76
64 144
147 38
171 178
14 117
74 29
65 169
11 69
102 97
59 128
X
121 124
95 33
76 185
159 130
X
112 176
177 123
39 128
162 39
31 7
24 81
X
124 13
188 118
100 152
96 12
141 145
130 68
136 11
75 121
55 113
182 124
51 24
124 45
185 138
57 74
17 27
150 6
32 187
62 58
99 12
131 54
55 104
123 173
38 68
150 185
51 171
53 139
X
158 139
50 158
171 11
82 4
140 9
138 111
76 162
1 25
58 134
81 90
161 120
90 167
77 55
139 105
34 106
152 57
59 89
47 48
29 108
30 33
125 74
117 6
104 68
149 8
5 123
16 154
95 64
X
30 121
102 60
132 155
159 174
99 98
13 136
187 18
85 164
123 86
63 182
51 21
56 166
74 189
77 109
3 163
167 188
166 2
131 65
55 194
38 91
176 117
X
74 99
13 77
68 136
13 55
25 43
151 40
16 69
X
132 98
41 146
X
134 126
18 73
171 41
89 145
87 109
193 3
108 113
29 5
41 123
X
130 69
193 117
177 81
158 124
16 70
152 135
X
X
194 30
92 184
109 130
31 8
155 196
132 129
29 148
181 72
61 192
X
110 177
53 33
118 83
110 112
42 65
X
91 193
56 171
9 99
125 59
85 59
170 21
69 71
188 89
96 68
64 15
145 32
113 9
106 63
159 170
98 173
137 141
67 121
99 149
155 176
105 186
126 35
108 77
185 75
97 62
148 131
147 171
98 111
148 52
132 131
53 188
194 113
21 5
31 54
137 152
194 49
88 114
142 180
16 24
10 26
139 91
76 39
80 39
109 121
10 30
54 102
169 196
113 27
X
118 47
26 191
31 50
103 106
141 143
27 45
62 60
46 106
132 104
167 189
138 119
68 59
167 29
106 182
69 75
85 137
28 13
6 12
128 36
142 59
166 183
76 91
175 78
78 122
84 17
121 13
X
83 90
25 12
95 137
7 88
126 50
28 49
137 114
34 149
106 124
13 25
55 114
39 192
159 133
1 162
130 4
160 62
57 87
179 154
X
21 67
157 8
7 173
126 109
80 12
188 160
45 6
56 110
12 179
47 119
143 148
56 68
26 185
152 137
62 147
118 86
X
30 110
172 38
88 8
139 89
84 138
121 129
155 72
23 185
88 123
41 196
148 146
14 142
88 189
49 7
144 54
141 119
82 44
115 95
192 180
91 156
X
161 31
169 48
126 70
183 49
29 114
177 96
35 32
24 139
46 108
44 46
133 163
167 86
153 82
33 161
33 54
188 165
124 113
156 68
43 183
X
135 173
124 129
126 37
59 155
192 60
65 180
44 161
63 171
74 166
85 99
26 194
177 93
80 125
184 143
X
151 29
126 183
167 87
102 134
91 92
127 173
195 142
17 74
140 91
88 59
133 114
17 180
183 39
102 28
165 90
74 158
36 181
119 108
18 165
161 32
55 173
168 41
81 125
164 59
36 148
15 77
77 100
31 108
90 51
162 36
175 82
32 171
83 46
150 117
43 44
111 122
84 93
169 106
40 144
143 147
170 183
92 43
173 196
6 49
X
168 91
22 32
85 21
15 132
97 12
152 91
157 53
29 146
56 3
30 63
10 111
53 100
X
49 2
185 151
184 141
107 162
91 3
28 16
148 133
137 173
97 113
122 12
108 36
140 14
158 41
158 32
136 177
74 32
12 154
57 32
190 66
131 192
35 77
X
140 12
123 170
66 35
75 138
148 170
194 144
7 27
56 84
4 174
79 73
174 10
91 157
8 168
124 78
111 75
24 136
119 104
26 53
117 91
X
54 50
101 27
93 122
61 146
X
148 57
43 124
4 117
99 110
95 13
97 69
136 146
165 88
38 181
191 170
94 129
24 137
54 18
64 163
4 71
17 123
X
84 75
158 5
172 39
112 189
159 76
68 49
137 104
6 102
44 182
17 44
89 170
64 159
172 160
178 62
102 100
33 88
165 194
121 80
183 102
44 123
90 148
94 197
162 190
107 13
122 154
193 126
151 31
X
191 129
25 44
141 195
173 146
X
94 32
135 70
73 148
4 75
128 4
128 45
124 108
53 171
64 172
76 49
25 139
120 129
134 77
194 52
43 126
124 86
178 20
113 6
156 10
X
141 175
7 171
179 92
156 196
92 197
34 146
52 103
148 105
186 90
103 51
119 58
75 160
68 115
81 54
96 97
175 104
126 131
X
71 40
107 71
59 4
87 58
66 40
177 60
127 84
103 180
98 8
2 192
X
139 103
139 14
172 47
158 56
130 29
132 63
127 39
134 70
96 66
63 159
118 80
55 101
3 183
X
88 149
135 123
X
156 180
41 19
63 143
169 30
X
141 74
98 156
101 189
114 89
18 152
135 139
176 97
56 155
177 141
136 77
53 190
55 36
65 11
118 90
X
77 145
143 83
X
165 177
55 110
31 107
160 21
136 127
4 192
136 112
192 35
47 123
155 13
27 114
X
156 49
175 133
76 105
187 158
33 49
21 62
7 146
168 122
51 35
125 113
180 178
4 43
177 28
8 154
142 57
92 40
93 24
157 133
88 99
139 154
33 95
179 80
168 63
134 56
21 27
161 169
57 187
93 119
76 46
167 31
109 118
195 32
X
148 114
178 83
82 49
146 18
169 107
28 15
6 60
149 94
X
114 163
89 3
122 76
192 32
94 81
92 120
23 36
61 14
162 106
5 154
44 119
138 75
140 96
145 33
119 151
101 19
X
100 148
137 14
127 124
77 59
62 61
112 188
191 188
X
16 108
66 180
175 94
16 27
33 55
127 109
120 143
67 177
179 76
88 158
132 113
101 111
56 163
43 70
56 120
105 142
144 119
192 41
137 96
176 194
87 35
70 75
56 58
4 21
78 51
22 101
X
171 183
43 77
141 52
126 4
70 70
143 184
144 29
87 81
151 18
45 156
161 168
79 3
2 21
187 142
173 53
186 136
4 74
172 32
158 39
136 129
126 176
160 135
9 2
23 34
137 154
3 184
122 23
60 62
26 12
144 123
55 174
43 128
43 94
192 159
90 105
76 176
53 41
36 174
93 129
147 19
61 95
125 120
31 174
26 120
169 102
X
135 75
122 80
9 131
128 189
110 39
119 37
87 59
87 20
112 175
177 117
147 162
84 137
87 2
122 109
115 163
44 49
14 27
179 122
42 135
159 57
66 6
80 60
X
53 86
88 168
88 197
37 171
121 185
73 162
51 120
53 87
128 97
192 189
134 39
49 194
X
75 137
40 161
129 153
141 173
63 147
162 12
102 8
166 104
64 72
168 134
195 117
146 17
78 83
113 149
143 189
163 118
69 103
188 117
136 105
70 164
15 79
66 158
137 139
88 69
51 55
149 169
91 63
126 68
22 139
17 174
12 153
124 85
23 40
65 19
15 192
168 76
8 77
134 99
45 107
9 84
57 79
52 187
62 130
48 104
46 62
18 177
40 196
161 110
153 181
54 20
121 78
57 118
79 157
29 110
17 121
90 182
74 81
56 157
103 92
192 82
81 142
158 13
129 89
120 120
171 10
124 180
40 74
121 143
43 82
167 161
2 133
120 132
141 144
174 29
21 6
85 71
160 50
104 92
46 66
103 27
159 194
X
158 127
174 26
183 178
105 26
X
139 9
38 62
15 48
106 77
99 19
100 19
182 35
126 2
157 120
190 35
62 1
107 31
45 135
118 51
56 85
66 11
116 163
91 177
148 53
53 140
90 197
50 77
65 156
69 105
126 125
110 161
140 181
52 154
55 166
152 165
180 30
133 149
35 154
19 186
143 195
51 158
X
29 74
193 188
34 147
194 56
163 108
176 172
194 86
121 109
6 154
104 32
87 7
57 89
193 50
142 83
117 67
140 173
135 174
14 129
187 154
73 188
162 130
90 112
84 95
160 190
193 2
129 162
190 49
28 27
55 168
141 180
60 83
108 126
184 155
89 193
103 47
191 194
148 78
X
175 91
6 48
192 11
121 75
71 102
60 88
89 154
148 144
193 48
97 30
65 115
132 192
171 7
187 88
89 101
52 119
125 97
123 56
7 48
76 90
73 150
122 144
182 109
84 86
27 76
167 181
75 65
189 19
107 19
187 21
46 39
24 47
158 50
23 67
166 101
155 11
104 108
75 67
148 93
192 38
150 164
36 173
130 67
64 190
147 36
136 119
136 123
20 167
49 109
110 176
17 8
56 134
170 26
105 161
37 147
188 92
119 187
194 2
65 49
176 154
160 55
91 182
157 106
112 132
192 183
90 158
160 11
128 84
38 194
24 117
58 59
30 29
15 133
194 90
145 59
56 113
130 153
42 119
13 131
X
56 179
127 122
13 188
76 86
186 73
17 152
37 90
78 147
40 77
95 25
189 143
179 81
41 46
110 32
32 17
51 22
68 72
3 194
55 155
120 191
73 6
128 38
120 144
68 180
187 170
28 52
101 176
106 32
81 32
77 189
185 143
120 15
192 130
71 147
71 60
26 47
37 54
189 39
108 39
118 193
87 95
84 27
X
69 132
71 72
30 28
90 194
40 116
63 95
178 157
28 44
134 171
23 63
78 56
120 145
140 16
130 179
105 57
42 67
66 14
X
178 18
192 86
29 188
82 50
196 95
133 42
X
65 106
137 119
75 29
6 133
68 175
135 175
71 103
97 79
109 167
127 176
176 197
191 177
29 94
169 49
120 67
165 174
74 185
126 14
135 150
51 135
50 88
161 136
152 19
188 152
117 25
38 31
184 190
78 102
173 61
65 121
122 126
156 190
17 124
192 143
34 145
139 98
178 60
59 156
151 37
159 60
191 78
61 189
41 44
96 64
77 174
139 184
122 129
181 30
68 35
27 139
26 40
125 148
39 67
157 135
138 91
X
124 87
21 17
133 161
82 141
177 83
104 132
16 44
55 16
X
132 103
16 156
71 150
10 140
21 151
160 51
62 62
X
151 182
125 79
102 88
3 39
68 192
185 76
122 132
158 18
110 139
61 4
64 93
41 143
121 10
53 136
184 194
51 139
135 176
52 86
65 46
43 181
X
84 143
4 149
126 124
X
1 161
39 145
54 108
70 50
20 190
155 84
134 110
137 103
14 115
138 152
127 86
116 178
33 30
106 127
100 193
77 39
26 123
87 93
92 118
16 155
190 104
31 49
51 144
12 89
70 162
X
4 42
28 123
75 147
76 1
170 134
62 8
4 152
139 176
121 193
3 93
68 60
191 10
40 87
107 190
140 80
143 145
34 26
38 112
36 55
193 115
59 62
53 24
X
114 80
168 102
107 189
146 114
156 123
38 128
64 191
196 93
97 194
125 147
187 139
180 158
81 55
53 27
113 99
2 25
158 107
191 115
62 177
X
5 174
157 104
177 143
53 47
17 51
1 95
45 86
56 187
167 32
36 149
140 10
41 195
134 75
159 94
34 125
64 4
41 91
84 71
63 155
172 178
86 84
30 26
91 25
X
127 10
4 93
197 58
84 81
193 118
105 189
158 194
102 69
149 75
181 121
137 20
8 84
125 91
189 178
83 68
125 80
62 159
9 100
33 154
17 188
29 103
84 96
162 93
81 58
136 18
79 119
97 16
113 150
97 80
102 175
20 124
97 108
X
178 32
123 121
125 179
78 174
120 37
37 91
167 3
13 10
195 186
99 172
47 49
6 123
65 71
192 118
31 160
147 143
49 153
13 52
165 6
171 119
129 71
165 91
146 146
43 162
40 36
135 119
183 177
75 119
128 67
X
174 31
82 72
17 26
116 68
42 19
85 56
101 191
130 159
106 179
5 98
143 81
84 141
92 93
143 57
119 184
10 142
79 179
137 138
144 183
62 97
30 150
168 160
190 168
53 120
106 60
51 50
123 31
122 31
134 23
86 72
153 171
175 161
10 47
64 96
69 93
53 138
73 151
34 105
181 124
X
57 139
112 34
74 163
179 2
152 43
X
23 134
161 172
34 19
53 3
31 103
187 138
83 71
170 76
146 145
67 161
48 165
29 120
139 82
113 24
33 105
135 126
155 14
20 63
145 191
81 2
110 77
73 88
90 42
29 40
117 38
180 3
54 78
X
X
191 56
11 67
18 175
100 91
61 188
88 113
127 27
161 170
55 67
170 18
127 23
51 32
X
87 145
87 101
16 93
116 12
143 39
75 106
96 33
182 50
67 168
155 3
136 167
11 93
171 26
143 64
144 118
X
112 150
27 125
155 144
170 41
174 146
X
70 93
127 50
141 123
193 21
10 14
45 41
16 46
147 64
43 137
154 37
183 180
37 181
193 114
6 52
94 189
161 124
106 144
161 85
85 82
50 150
179 79
86 56
86 141
105 39
120 56
166 85
X
191 50
7 58
180 77
95 62
79 36
41 193
120 195
187 104
96 83
151 43
126 39
65 77
160 20
38 192
148 64
96 167
152 86
134 191
65 1
39 142
175 160
53 154
163 169
116 47
85 27
84 136
121 39
12 14
141 91
56 192
190 115
191 118
8 58
159 95
176 83
X
7 165
19 9
169 144
179 158
161 95
25 46
49 18
104 134
148 6
10 28
34 189
33 187
85 33
95 67
52 102
131 156
38 51
140 15
5 171
21 102
125 77
190 119
103 48
44 115
93 181
78 127
164 154
111 134
43 85
17 57
87 157
140 72
179 27
157 3
82 86
90 196
158 137
34 195
170 65
102 19
186 106
16 91
52 147
116 143
57 120
115 24
155 68
5 141
144 64
13 177
52 77
148 162
107 192
182 52
75 162
48 108
62 59
X
30 87
53 70
161 138
24 140
174 32
40 172
31 106
43 48
191 37
53 90
167 61
84 99
22 134
24 68
81 129
151 95
105 162
57 85
132 163
63 129
33 186
17 72
173 162
132 110
6 183
160 93
65 3
61 11
X
146 56
63 93
17 133
34 74
125 27
193 193
107 60
114 164
54 173
49 168
130 161
85 19
22 36
13 38
97 63
29 109
78 146
27 119
71 91
94 91
129 46
52 176
179 183
31 87
182 183
87 1
112 111
31 155
159 169
83 86
124 68
142 197
130 163
160 36
55 53
25 53
125 76
142 183
2 39
53 102
175 154
54 171
90 189
189 73
110 98
91 62
141 59
41 36
152 133
192 40
17 7
152 171
73 189
29 137
189 76
50 55
176 118
169 140
2 93
38 63
190 74
X
3 179
123 105
52 75
32 19
177 58
52 80
103 164
83 3
173 197
175 105
170 31
98 148
133 56
16 179
31 125
134 98
58 138
191 86
56 6
139 173
100 167
144 143
166 155
41 116
24 127
146 106
52 171
47 55
13 89
92 138
72 91
45 123
20 35
183 181
44 162
117 27
4 40
179 109
49 191
107 121
46 83
148 160
137 12
79 122
163 117
105 154
68 47
183 154
176 17
119 145
195 187
155 190
177 168
84 76
147 52
191 79
162 153
65 118
141 57
155 38
97 190
71 139
135 103
126 28
X
68 114
76 161
17 169
50 171
66 49
104 158
27 12
12 38
167 177
152 17
162 174
147 91
165 178
30 75
164 78
126 132
89 120
175 7
1 176
107 15
67 169
110 14
127 89
86 161
4 95
18 115
156 15
107 182
49 6
88 101
79 129
14 102
139 72
91 4
44 137
74 67
69 168
171 146
154 133
111 170
27 168
25 41
87 189
38 37
66 172
164 56
X
4 146
171 9
148 103
182 122
46 85
X
117 167
123 104
66 73
122 15
155 4
10 110
180 195
7 123
165 155
7 98
32 63
91 122
93 62
41 50
79 49
85 84
64 94
41 179
X
X
158 19
36 105
7 110
126 8
X
175 163
108 167
115 49
87 34
25 78
172 27
95 24
69 74
145 114
70 72
139 156
63 51
127 174
189 79
12 4
116 80
89 2
165 172
117 93
83 72
89 149
171 138
51 84
120 193
138 183
122 13
7 16
20 118
67 131
179 186
57 83
78 60
51 176
52 20
X
193 176
154 102
118 167
53 36
111 73
178 4
98 92
180 72
48 171
141 90
168 178
177 197
193 93
134 192
123 74
153 93
80 58
17 122
192 158
93 25
106 55
168 120
14 44
24 121
62 35
84 103
81 136
63 128
126 45
25 68
116 176
59 161
138 109
21 147
157 12
17 156
30 195
98 176
75 105
42 17
X
X
143 58
187 166
107 123
115 53
173 194
54 55
95 100
26 117
86 109
19 60
143 66
49 195
131 114
19 5
73 63
39 19
168 87
26 118
132 38
113 10
75 139
190 41
54 157
87 97
33 195
98 113
85 81
16 119
102 131
68 44
53 115
2 130
152 55
X
185 74
X
123 162
115 6
49 155
79 27
187 151
134 72
147 117
142 143
30 98
126 121
121 9
10 154
90 7
87 162
189 174
108 111
54 118
118 144
141 122
80 13
159 107
160 33
78 109
197 181
138 93
133 160
X
70 8
16 55
79 54
X
141 174
157 10
50 114
77 83
17 137
91 180
71 38
134 101
X
94 90
181 95
181 92
66 3
88 53
72 6
151 168
88 102
177 172
5 190
144 33
52 139
5 119
54 32
94 62
52 84
109 187
95 53
135 77
3 95
16 71
120 10
1 179
11 78
31 26
65 8
132 171
38 175
150 17
115 47
25 83
169 135
149 65
55 73
40 37
83 141
160 56
28 28
34 65
171 120
141 40
55 100
69 8
41 29
180 180
7 75
102 7
159 124
180 155
63 15
110 141
181 109
11 177
162 120
186 172
193 113
67 40
75 150
171 8
190 65
27 85
58 61
78 14
59 130
48 166
190 78
149 166
7 117
13 54
14 139
74 87
20 104
138 105
53 137
165 117
86 8
162 169
54 139
78 126
12 132
80 56
37 76
55 55
195 126
75 177
107 72
167 6
155 180
105 58
129 91
38 185
195 56
31 33
123 10
121 145
55 108
53 179
194 186
162 41
115 86
187 65
77 12
193 174
132 126
67 132
191 21
19 63
69 89
167 192
178 120
92 113
173 143
173 190
174 30
126 133
88 105
X
32 94
100 13
133 126
121 77
43 66
16 175
55 150
137 9
18 5
8 76
189 141
120 133
146 23
44 6
72 63
145 64
164 5
18 74
6 139
84 84
132 165
168 188
25 169
42 43
150 75
161 75
109 110
162 37
25 134
12 80
52 115
97 156
110 189
30 32
108 123
134 132
67 116
167 158
5 29
54 110
72 190
68 194
131 41
140 83
X
41 145
56 136
18 178
49 15
150 77
145 57
105 98
27 81
52 114
137 102
120 158
41 2
6 51
75 185
163 174
122 110
X
73 191
154 82
124 100
127 9
111 113
98 90
16 106
38 40
64 95
26 78
57 106
150 76
180 50
27 170
117 8
33 155
79 180
14 179
27 138
28 134
49 14
147 164
88 7
41 142
46 123
146 121
9 168
156 62
164 155
159 96
92 177
52 44
24 40
148 75
110 147
188 100
4 165
76 189
35 147
19 18
156 105
12 103
66 72
195 5
44 74
54 187
109 190
42 75
15 189
157 134
41 162
34 27
X
195 116
103 124
23 192
128 50
122 11
180 157
154 143
127 119
20 153
111 110
67 46
158 130
141 16
42 86
172 163
84 140
10 48
175 11
86 121
120 13
157 15
52 124
117 80
1 93
79 177
105 187
65 171
124 132
137 174
88 196
55 195
173 62
132 128
67 135
58 83
160 15
39 116
23 191
84 142
66 36
104 133
186 105
44 62
135 122
X
105 73
43 3
125 100
160 192
23 183
125 51
9 11
175 158
118 92
169 146
119 47
148 77
152 88
147 182
143 43
48 2
27 97
161 83
81 59
56 70
158 135
31 115
8 120
30 74
138 110
135 128
193 88
173 65
17 47
173 142
70 57
4 176
33 29
X
66 5
89 34
11 76
44 113
15 106
73 192
X
181 117
118 39
21 152
193 180
8 118
176 16
165 2
194 31
151 9
106 192
148 9
86 154
38 114
195 127
42 10
146 77
145 54
29 105
176 18
194 47
59 162
188 143
16 72
110 85
129 31
123 160
114 93
158 153
38 30
38 184
53 182
54 47
176 91
147 94
X
114 167
141 10
183 123
33 17
97 82
46 42
25 141
160 61
55 117
181 27
166 56
70 102
188 40
121 120
122 130
79 60
147 92
102 106
15 188
28 148
48 110
65 50
112 110
133 40
167 91
120 146
51 74
154 43
23 26
106 59
9 132
146 53
105 68
176 61
56 32
108 122
36 139
80 142
5 75
52 164
174 164
36 107
43 87
175 172
170 143
59 129
127 97
79 77
172 40
155 191
55 181
150 169
39 173
111 149
182 48
116 67
140 70
36 169
17 53
9 101
15 119
90 180
124 10
26 184
103 97
53 173
143 45
192 115
171 139
183 143
124 97
79 32
154 70
71 73
7 154
129 90
101 62
124 74
161 174
4 184
77 161
55 78
133 165
192 52
67 157
168 39
39 112
59 158
52 117
160 49
179 108
3 137
132 161
95 139
109 19
160 18
144 180
6 14
X
11 80
88 27
75 163
157 146
194 78
73 193
91 110
159 167
24 123
53 163
33 127
162 21
34 152
74 162
42 128
133 164
144 191
128 23
169 189
135 177
23 17
171 122
154 134
197 59
115 52
115 48
178 121
159 105
127 87
6 131
179 51
144 31
54 163
186 156
22 18
189 142
105 51
14 130
160 191
107 119
186 154
47 3
40 115
104 172
104 89
34 109
106 62
150 161
92 54
170 121
10 146
42 181
12 90
141 146
39 15
42 82
166 161
147 150
85 143
94 132
40 169
126 113
8 73
178 158
48 164
55 171
188 14
24 65
10 112
153 52
182 30
20 186
187 102
70 60
124 60
X
16 68
103 68
195 60
194 178
49 166
186 171
37 77
182 106
143 143
158 104
58 89
141 81
124 110
173 26
16 116
66 178
88 10
170 177
52 151
121 133
151 16
18 134
93 121
22 63
8 74
138 98
143 41
X
129 49
71 39
157 153
19 61
33 96
23 194
174 160
82 138
186 100
74 101
98 165
16 137
X
52 70
67 133
156 63
68 191
164 57
81 143
117 53
74 147
X
23 166
51 52
84 20
40 124
123 113
136 148
27 49
168 53
5 193
160 54
7 77
195 183
133 130
106 76
10 6
X
11 79
X
134 190
100 175
159 156
20 116
102 98
51 36
34 155
52 47
81 45
144 184
X
29 187
154 104
78 151
24 19
52 141
91 158
77 54
61 143
189 128
191 179
122 108
141 82
71 136
104 147
177 32
104 72
X
147 188
161 189
165 74
190 46
5 62
18 121
67 155
106 123
180 76
55 136
52 158
124 70
73 185
23 13
140 164
54 100
73 147
80 29
169 27
102 147
168 72
114 24
163 107
29 190
123 23
191 52
8 98
91 22
62 180
13 93
49 163
93 91
123 151
105 182
107 87
96 164
160 9
140 162
13 88
87 3
164 173
X
45 82
18 191
141 72
56 153
117 40
44 95
81 48
138 100
194 88
166 154
194 118
110 169
131 159
85 141
31 190
40 166
17 77
24 21
118 194
108 124
64 192
172 26
109 123
195 57
74 30
151 39
24 15
78 47
162 42
11 9
192 12
135 98
178 169
40 31
90 123
55 7
X
X
53 174
121 144
98 19
103 50
15 191
51 140
66 31
14 119
44 77
100 12
23 12
146 117
24 115
16 92
37 144
114 166
148 88
7 168
147 20
162 19
62 6
102 172
109 73
97 19
108 161
76 81
42 133
89 57
193 60
23 8
76 146
166 134
155 10
177 62
19 102
77 186
8 88
132 115
146 40
34 110
157 124
143 191
90 101
51 119
173 28
98 32
170 48
86 111
39 144
168 159
34 190
149 31
59 1
5 60
192 18
170 90
X
53 187
154 84
168 133
137 98
87 32
168 176
64 71
167 190
136 109
28 94
118 140
188 10
52 24
184 139
X
108 59
53 88
164 171
179 17
169 58
173 46
29 139
144 120
151 134
61 93
13 72
138 19
152 56
129 164
170 87
55 163
51 150
169 141
121 43
172 30
141 120
187 140
68 172
111 190
187 92
111 34
134 113
40 170
66 116
31 95
137 177
57 77
53 5
170 146
74 57
X
137 146
32 91
122 26
136 171
94 43
63 168
43 112
166 174
57 107
79 46
16 152
181 184
147 181
11 84
94 64
191 8
119 24
35 184
126 99
168 52
11 37
86 7
134 38
X
102 152
44 37
126 1
48 169
178 37
79 158
104 164
8 114
74 80
191 46
172 108
36 104
53 7
159 52
165 86
41 47
177 102
28 79
55 41
98 88
148 56
53 175
42 44
193 178
182 3
27 75
60 8
194 93
118 163
121 104
63 8
8 100
86 191
170 60
81 28
16 177
161 8
98 164
X
X
91 51
102 70
154 57
40 70
16 73
138 44
172 106
189 160
160 12
X
60 127
86 193
83 4
125 145
165 197
55 106
146 119
83 48
127 171
X
124 67
86 169
44 179
194 80
195 143
181 120
66 76
141 164
22 28
136 132
8 46
175 92
94 79
75 134
15 24
21 154
99 167
179 70
61 179
28 26
21 150
181 181
38 27
93 23
178 27
90 173
23 84
102 17
185 89
X
75 135
69 56
93 183
3 133
66 13
168 28
12 5
135 113
34 18
164 118
104 38
179 53
151 90
82 88
53 32
149 93
70 16
195 113
190 18
164 172
37 88
187 141
188 172
9 102
128 39
162 118
92 91
124 31
17 179
56 73
120 11
67 37
129 51
104 131
122 121
103 143
124 176
9 88
192 29
77 51
146 149
84 161
95 140
99 113
187 156
51 187
42 123
161 13
159 103
157 138
121 108
4 76
140 156
172 18
126 119
140 153
124 133
81 89
X
190 101
34 148
4 153
191 39
131 42
28 128
165 85
114 90
170 179
X
161 77
23 18
88 9
46 119
182 93
51 141
99 158
53 15
45 67
151 177
100 5
32 5
145 29
118 184
105 101
68 57
31 120
27 98
100 15
32 51
188 78
139 177
102 71
74 33
75 165
43 166
X
X
89 109
112 186
42 113
4 148
93 113
X
41 17
38 126
25 84
155 53
189 115
71 56
92 51
167 100
110 132
180 119
67 172
15 89
161 86
123 154
X
64 51
170 91
129 48
193 20
33 52
125 149
166 194
68 193
88 121
139 71
4 121
139 162
106 15
71 3
166 135
X
5 59
29 141
51 29
147 40
147 191
130 191
31 66
188 67
93 138
6 130
34 136
91 131
157 68
25 86
28 174
12 69
86 122
10 4
120 108
79 16
36 146
179 82
173 18
128 85
172 41
52 170
176 59
71 8
9 114
12 107
105 127
152 49
X
166 153
88 154
134 100
73 125
49 54
42 70
8 112
142 103
107 86
8 12
92 175
63 188
52 125
18 125
132 156
169 178
X
31 94
X
6 13
179 58
78 150
23 151
X
31 52
21 84
63 169
60 85
69 46
97 167
X
98 14
180 90
X
167 26
189 192
87 84
66 12
182 25
122 104
43 133
148 95
167 33
76 145
81 126
126 24
92 140
50 157
177 154
191 87
106 61
6 23
13 51
110 58
155 86
169 101
43 135
152 54
31 192
136 71
163 82
137 149
15 69
106 13
168 46
77 29
42 125
X
87 119
61 130
X
105 179
44 98
16 48
30 47
34 144
145 195
169 65
31 153
180 35
133 147
117 41
91 120
X
143 44
X
84 98
174 77
93 83
128 191
51 34
53 43
126 130
99 157
38 55
163 95
103 125
4 123
37 89
X
134 54
38 43
146 148
21 8
8 16
25 148
174 53
34 77
138 108
86 101
121 40
189 22
151 22
71 92
37 175
134 188
113 138
159 93
X
115 27
6 98
143 190
34 188
171 51
147 161
104 99
X
44 50
13 90
180 39
53 30
107 68
103 142
50 187
X
71 152
125 23
60 86
81 128
105 99
40 165
45 105
94 67
12 36
X
190 14
29 107
193 96
49 28
80 77
164 115
51 27
182 5
78 107
X
92 41
154 92
44 36
168 60
160 167
144 41
137 110
146 118
15 57
154 95
177 20
146 143
161 118
148 158
144 150
41 86
139 100
7 119
130 3
137 13
15 76
34 33
X
89 173
135 171
50 40
166 83
135 100
X
119 163
36 56
104 175
63 163
188 41
X
136 131
56 79
160 129
87 147
47 50
13 193
113 179
102 72
106 47
161 106
91 129
98 134
104 112
53 124
44 47
131 109
136 70
14 140
X
120 140
100 24
47 47
45 62
63 48
74 131
151 8
27 136
X
52 40
169 138
100 176
X
X
167 183
41 40
160 57
31 55
94 85
151 136
174 157
177 26
76 157
33 50
138 42
173 195
72 152
12 133
24 138
147 88
134 168
50 79
10 168
93 64
5 191
172 6
66 102
53 23
84 101
99 130
77 13
178 170
76 33
12 74
128 71
28 76
32 56
158 21
X
16 51
147 134
125 121
54 158
123 57
86 29
59 7
182 92
64 143
35 152
183 25
22 152
17 67
182 29
116 51
185 77
166 88
33 184
76 34
11 40
46 40
70 59
6 138
130 180
74 59
34 181
51 23
162 86
134 105
19 19
26 114
34 76
77 46
73 86
99 26
149 18
36 17
38 42
170 135
25 149
55 33
187 171
167 30
179 184
188 157
162 82
53 84
94 191
56 87
94 193
25 114
133 110
96 32
71 87
5 117
35 139
4 162
91 89
89 33
121 38
164 158
108 34
170 176
58 58
X
31 154
113 12
37 73
25 40
76 109
87 120
168 65
109 159
171 21
85 34
155 193
112 190
146 166
94 190
78 46
97 50
99 176
103 161
133 111
45 137
192 46
124 182
24 12
59 5
123 110
41 27
141 92
137 16
65 104
64 116
28 46
158 10
70 165
172 162
19 188
145 65
77 180
189 14
93 192
178 154
65 35
27 51
189 165
148 104
X
99 109
66 77
187 172
147 114
117 89
139 102
67 20
76 4
179 18
190 79
181 108
38 66
138 45
67 159
60 158
17 43
13 76
131 38
42 120
32 64
90 147
147 102
43 155
56 170
64 5
101 193
13 36
69 4
15 25
175 131
109 59
171 192
19 167
74 27
91 43
115 12
28 116
8 62
90 109
176 92
160 60
24 78
89 1
126 49
66 175
88 120
183 124
106 38
110 57
5 130
91 189
149 66
98 172
39 70
46 82
54 109
193 144
X
11 38
135 144
167 179
X
70 44
152 184
18 186
134 22
106 18
180 122
46 68
14 42
77 151
4 120
35 108
X
12 181
106 140
119 143
8 52
60 87
86 197
68 120
19 165
99 164
X
57 182
49 89
101 130
116 10
147 190
X
55 23
55 70
34 143
X
156 154
48 106
4 154
93 136
124 170
125 129
55 15
87 167
66 168
89 35
191 166
30 5
45 36
104 110
57 73
111 100
27 73
34 103
13 192
34 194
173 47
154 71
35 185
156 144
55 187
155 42
156 177
187 157
72 126
194 180
94 194
149 164
35 103
183 142
127 35
27 137
108 118
156 179
169 121
86 102
22 141
53 78
181 71
146 123
171 53
99 8
X
183 155
X
144 57
93 123
13 178
10 114
98 167
138 121
44 10
36 75
X
49 5
140 154
83 82
125 38
57 193
54 151
56 62
180 48
142 52
23 6
71 135
54 126
89 59
5 178
99 154
180 192
68 182
181 5
78 48
18 176
132 130
32 108
80 36
160 13
1 163
19 123
52 144
28 80
69 115
152 176
11 10
179 77
55 74
69 86
166 6
119 50
6 174
160 110
X
184 38
176 158
71 4
140 180
138 96
11 68
157 72
113 8
136 75
191 57
100 92
42 116
183 50
23 86
110 13
163 94
6 25
128 190
105 47
25 45
120 161
73 56
182 27
75 180
101 108
177 27
91 154
70 36
63 176
10 88
175 76
56 36
76 180
34 66
149 78
153 49
51 78
128 154
145 17
38 169
148 165
123 106
141 177
6 186
X
63 115
128 89
5 173
68 36
87 163
39 87
109 84
93 140
120 60
32 110
32 125
75 83
115 51
71 88
136 170
62 145
150 28
105 71
X
178 92
186 167
70 121
92 190
49 47
104 123
192 145
1 23
194 46
152 169
187 159
125 170
173 19
170 192
173 145
130 188
98 7
65 31
183 153
143 106
49 88
95 85
149 92
8 146
13 47
41 74
52 90
138 112
90 154
23 167
177 194
59 160
29 104
47 51
118 69
X
92 182
172 109
73 166
111 99
51 147
159 49
99 88
104 182
151 93
X
28 147
96 63
91 184
85 73
12 11
189 172
55 145
152 92
13 73
127 11
125 71
192 13
70 125
152 22
180 105
108 157
175 164
143 67
97 100
53 195
191 4
158 49
55 77
193 46
114 85
119 26
120 126
128 47
186 66
179 102
157 193
159 31
86 21
146 130
X
50 125
31 56
78 27
135 20
52 68
130 71
168 119
105 64
111 31
159 33
179 61
53 6
192 144
33 123
179 69
193 130
37 87
161 84
14 55
189 100
70 48
X
156 13
14 128
64 155
136 73
144 105
136 144
145 197
150 20
190 73
149 90
192 178
86 168
143 102
141 184
169 20
175 169
76 48
170 106
87 82
X
130 2
52 30
45 39
157 195
47 120
50 127
102 107
172 179
146 78
192 174
128 99
X
103 151
38 39
8 123
42 166
17 76
121 149
84 102
88 145
92 137
163 75
106 50
164 82
188 22
128 52
113 101
160 63
175 171
16 103
126 179
28 124
39 44
90 184
96 30
32 26
26 80
56 83
19 121
72 65
31 51
7 60
40 29
77 57
54 40
42 37
101 192
78 29
125 9
165 152
137 153
7 50
59 157
39 27
169 31
31 126
127 31
118 160
166 170
148 130
67 119
181 122
6 15
27 121
112 37
44 160
9 165
132 64
26 136
41 144
32 33
30 88
54 176
168 183
137 123
55 49
167 56
134 40
96 31
115 80
194 81
6 182
45 70
86 99
53 147
57 20
68 58
145 31
25 17
169 195
127 179
179 101
57 23
169 109
126 67
105 72
159 191
33 33
55 43
113 28
33 87
115 28
42 137
57 108
27 141
179 124
37 75
188 77
168 192
41 15
32 28
20 34
4 122
10 49
147 160
43 116
139 160
52 116
164 3
62 192
141 73
185 88
142 89
24 169
32 172
70 47
15 80
147 106
195 114
53 167
98 97
118 161
160 172
107 118
89 32
88 93
53 146
169 108
170 40
147 119
119 59
134 58
161 115
167 102
78 125
190 130
168 104
48 151
41 9
61 97
177 195
91 119
154 68
146 54
16 115
48 152
179 20
136 110
174 33
158 108
43 10
138 113
150 93
194 126
43 2
136 9
64 6
161 10
156 56
63 49
175 146
104 127
111 39
10 141
110 159
147 90
45 10
162 193
87 10
83 69
145 148
40 44
122 24
14 132
186 151
70 2
43 86
49 29
76 29
81 138
76 51
182 54
147 183
177 92
118 187
66 39
141 42
11 146
128 70
160 124
162 10
141 94
175 10
173 63
48 157
104 159
86 189
57 34
110 175
50 170
76 149
195 189
104 34
31 104
111 142
67 175
191 82
106 186
50 124
78 82
31 163
180 193
172 177
82 143
41 128
67 15
103 179
65 18
137 10
88 28
123 84
68 118
103 154
43 9
54 127
41 124
138 90
31 63
42 94
193 56
113 25
1 178
56 61
186 92
132 105
60 89
93 43
191 12
17 54
84 90
108 13
76 119
117 43
36 51
92 124
119 165
165 182
76 147
86 123
41 85
169 52
36 171
195 144
154 50
31 186
63 46
94 25
37 136
117 163
12 106
53 55
113 148
79 120
11 87
69 91
14 187
133 188
73 132
132 102
169 104
90 120
138 167
192 37
50 86
194 51
38 125
166 86
94 130
2 165
171 110
55 176
20 125
148 185
31 31
55 20
161 82
26 182
66 160
30 114
189 129
119 52
81 57
95 12
91 109
9 110
40 17
31 161
20 156
132 101
33 190
25 193
184 26
122 122
81 127
108 162
97 192
180 179
59 159
30 174
162 128
125 56
137 91
38 64
64 46
145 23
55 14
177 158
88 111
99 14
166 181
110 38
106 122
97 14
114 81
64 16
101 134
143 196
24 135
29 170
165 183
131 56
76 3
49 190
125 45
121 191
15 134
149 185
47 122
130 165
184 25
181 39
140 94
25 183
5 104
71 105
16 74
117 47
20 100
5 61
144 52
146 188
136 130
27 16
27 86
189 102
87 161
53 40
3 192
61 3
30 31
97 18
72 3
97 13
3 177
151 135
134 18
105 163
12 84
69 92
51 175
193 177
124 90
28 119
108 112
22 151
127 121
41 28
156 101
21 66
152 89
178 2
43 157
162 189
104 51
5 77
191 156
110 19
102 109
88 96
129 62
146 58
50 126
30 64
84 18
90 168
4 182
13 134
93 66
33 97
84 77
25 16
29 140
169 57
53 75
50 163
104 154
25 50
30 72
20 150
33 89
55 118
23 87
152 180
52 113
14 137
32 18
53 20
107 159
149 114
188 115
74 5
105 59
183 54
78 148
70 49
171 65
85 72
145 132
183 108
40 91
102 130
76 2
132 42
86 30
70 131
155 83
118 53
150 114
135 141
46 10
138 21
79 34
125 13
7 114
14 176
158 128
93 110
87 108
92 131
42 89
71 5
70 119
180 194
11 175
13 108
182 136
5 194
151 38
144 68
42 88
56 138
140 177
174 194
92 22
22 102
76 122
24 80
170 61
25 47
146 57
98 12
168 158
158 109
78 96
119 185
110 110
12 40
14 37
101 88
100 6
134 167
43 96
30 192
112 178
30 90
145 189
75 27
153 176
75 107
69 139
169 61
93 40
20 117
147 8
190 192
177 119
191 195
1 164
136 128
164 153
57 110
136 173
105 123
147 185
16 76
89 189
161 40
14 134
188 177
102 110
145 194
169 33
177 30
10 29
27 165
196 179
123 149
59 8
42 98
178 132
97 17
180 183
158 133
90 4
25 81
51 75
106 72
121 60
192 157
104 28
8 11
17 46
157 155
57 75
80 15
104 130
156 53
58 137
150 162
163 110
133 162
33 94
172 182
190 126
189 127
184 31
100 8
18 167
78 34
125 78
119 56
164 167
44 183
100 89
170 188
175 106
1 177
55 102
74 190
34 139
156 54
101 24
161 194
132 189
102 111
87 123
29 72
103 172
76 38
110 16
178 118
22 24
61 178
23 169
138 160
40 175
87 170
55 51
19 152
124 181
167 47
105 24
147 59
180 181
184 29
33 90
82 1
77 60
61 8
19 100
132 62
18 187
139 75
86 110
122 149
38 52
97 158
26 115
76 50
84 87
14 36
54 150
118 106
146 59
76 6
145 190
13 106
54 144
95 136
8 165
190 169
71 86
172 48
54 104
181 192
43 125
175 83
180 69
66 119
49 108
69 90
94 131
75 120
182 95
128 1
7 150
63 127
108 159
165 78
28 51
192 56
109 101
82 136
129 160
4 141
127 1
116 86
137 105
36 108
187 77
55 115
165 161
118 94
79 33
84 139
192 179
39 169
151 42
28 78
119 161
106 51
128 65
112 191
18 190
163 77
170 38
40 171
193 52
190 52
94 138
48 153
150 78
162 20
11 132
6 16
76 93
150 18
11 12
47 52
107 122
52 100
41 3
69 169
177 146
8 121
161 135
116 175
93 111
158 106
72 131
149 95
103 140
103 181
2 43
6 117
191 5
76 7
67 103
169 56
188 116
49 171
123 158
89 177
74 127
171 6
179 5
106 68
51 145
23 28
20 151
178 130
115 25
24 193
78 97
13 69
181 81
136 111
116 70
167 104
34 126
78 178
88 1
63 175
127 47
147 21
106 159
79 176
119 166
177 69
132 58
114 94
189 82
188 37
138 14
80 1
156 3
16 176
161 191
138 184
27 169
77 58
13 42
117 82
181 183
5 28
194 142
134 41
69 172
101 8
20 189
95 98
78 128
104 60
49 48
110 86
123 109
95 156
69 114
97 193
45 155
127 112
93 182
146 68
156 1
128 156
109 162
32 105
53 145
180 95
26 183
74 6
164 152
194 130
34 135
31 148
62 93
13 180
162 18
49 9
170 62
75 189
105 140
64 147
197 179
73 149
172 61
76 82
152 84
4 194
4 186
184 35
64 120
128 182
179 78
109 149
196 56
105 100
191 35
150 182
93 81
71 151
173 191
93 63
83 47
43 179
190 8
53 48
109 39
75 164
31 121
7 166
118 82
101 152
78 12
132 65
89 167
189 41
97 164
30 89
64 146
42 115
119 164
26 116
65 34
167 5
69 20
193 179
145 120
53 28
10 139
86 112
107 55
1 165
48 155
25 87
98 130
12 87
185 166
126 98
106 58
77 185
79 14
184 193
34 75
13 137
183 122
160 123
161 130
138 163
104 64
128 155
44 158
65 105
24 16
12 131
30 76
52 104
172 164
61 62
55 103
133 54
22 103
159 77
146 103
164 87
21 85
104 148
160 105
17 176
86 32
131 113
12 88
31 117
40 75
42 76
98 175
38 54
123 152
197 183
61 163
177 16
168 73
152 85
160 193
80 37
132 40
105 28
30 119
5 146
89 175
23 181
98 166
166 84
81 73
174 6
114 176
119 49
28 126
65 15
162 110
50 76
142 148
174 51
175 96
110 88
2 190
11 179
65 47
76 148
167 48
99 159
108 35
8 119
103 144
170 53
36 135
180 27
34 137
129 28
56 156
118 89
111 148
132 167
147 23
192 195
168 59
77 147
122 30
65 116
135 110
128 64
8 14
61 6
52 118
92 180
157 196
72 128
139 73
78 50
41 87
141 53
61 7
32 190
189 81
176 78
27 83
100 108
189 156
141 96
5 21
165 167
40 113
34 127
90 149
191 3
8 122
190 76
13 67
185 141
13 68
184 36
147 18
137 167
100 153
142 32
159 29
31 98
117 84
151 133
74 2
168 64
156 70
31 150
103 148
138 120
20 149
175 132
184 140
136 90
75 93
64 188
152 181
100 17
184 138
157 13
65 162
77 96
130 26
1 42
147 78
22 136
56 69
65 114
100 189
192 160
78 157
7 172
177 31
56 154
17 6
192 146
44 69
138 123
102 64
91 93
55 50
180 4
72 191
25 119
6 47
27 174
180 109
110 56
179 117
35 73
71 76
88 95
177 29
121 151
80 138
119 51
151 179
114 82
104 88
177 71
67 31
171 74
127 110
138 43
11 90
44 114
16 133
145 117
183 52
141 148
173 164
148 118
84 97
195 146
134 102
143 149
142 16
65 51
141 80
153 57
69 44
103 108
145 21
90 175
55 116
188 178
150 159
34 108
120 125
42 112
53 144
181 119
89 197
13 187
188 141
104 140
114 165
15 74
80 4
167 196
133 167
175 12
181 82
40 147
158 40
166 82
185 92
91 123
24 26
5 102
38 116
75 136
8 61
21 61
190 103
176 60
108 190
97 195
33 183
91 90
173 51
167 191
40 88
167 59
3 165
100 130
106 71
171 73
120 162
110 187
97 191
54 182
182 117
162 129
67 36
35 149
136 100
66 38
26 81
42 16
122 107
152 179
49 41
79 160
162 13
113 142
170 181
147 145
181 54
65 119
102 133
68 131
101 13
190 105
5 179
161 139
163 167
40 43
33 32
90 40
121 153
189 18
111 150
23 62
145 119
29 162
23 66
155 15
21 25
127 14
67 106
46 6
149 9
162 9
135 105
65 163
36 19
137 147
190 117
73 131
165 75
155 105
44 48
115 84
97 109
115 93
36 170
74 88
116 167
42 85
131 51
124 172
171 176
119 53
43 36
55 44
190 82
110 113
98 6
98 195
85 158
135 167
67 156
4 150
92 129
30 30
176 104
146 134
139 80
5 176
189 118
167 176
182 137
182 26
94 33
175 138
195 188
170 46
51 188
20 60
152 52
176 77
98 69
182 28
117 187
38 41
116 95
118 164
110 134
66 34
33 26
66 163
153 88
117 185
33 27
149 7
1 41
54 124
115 89
93 124
76 80
41 8
61 96
78 39
71 190
26 129
118 107
92 68
46 63
88 124
86 167
111 191
13 14
167 2
87 112
73 3
111 169
175 195
122 84
55 153
38 70
152 94
177 97
172 181
134 103
33 8
61 2
188 65
171 121
116 179
92 123
94 136
134 144
80 38
161 74
148 169
77 36
121 141
94 196
99 112
144 145
41 158
118 93
85 156
37 185
146 102
107 73
106 141
152 93
76 30
90 170
93 120
121 195
19 21
177 101
153 133
29 171
119 60
178 119
123 124
144 40
119 144
116 6
162 14
159 172
141 83
141 54
111 74
65 17
22 21
118 159
173 64
87 154
71 7
128 62
93 68
190 167
75 176
103 134
66 8
87 114
42 2
81 87
62 155
111 36
